 5 8 9 24
 8 9 18
 2 8 2
 2 1 8
 2 3 1
 2 0 8
 8 9 22
 2 4 0
 2 24 3
 2 2 0
 2 7 2
 8 9 19
 5 5 6 14
 8 24 20
 2 6 22
 5 20 22 28
 2 7 9
 2 5 24
 5 4 14 12
 8 7 32
 2 28 4
 5 2 6 25
 10 2 25
 2 1 24
 2 24 2
 2 8 24
 2 1 18
 2 25 1
 2 0 25
 5 3 9 29
 5 6 29 21
 2 2 29
 8 5 15
 2 4 7
 2 29 7
 10 5 29
 2 21 19
 2 24 19
 5 18 21 17
 2 25 3
 2 8 28
 2 7 14
 2 8 15
 5 12 15 11
 5 11 14 13
 2 13 4
 5 4 5 33
 5 1 28 23
 2 0 29
 5 1 29 26
 5 1 24 30
 5 18 19 16
 5 2 3 10
 10 6 10
 2 25 22
 5 1 22 27
 2 15 20
 2 20 32
 2 29 9
 2 9 10
 8 2 31
 8 33 34
 10 3 5
 10 1 25
 10 2 32
 0
