 2 7 1
 2 8 3
 2 13 4
 2 11 0
 2 8 7
 2 9 8
 2 11 1
 2 11 9
 2 12 8
 2 13 5
 2 13 6
 8 10 28
 2 11 10
 8 13 17
 2 12 11
 8 12 27
 2 13 12
 8 13 22
 8 13 26
 2 12 2
 11 13 31
 5 8 12 13
 2 7 13
 10 7 13
 2 6 13
 8 12 41
 2 9 12
 10 11 12
 2 5 11
 2 13 5
 2 9 13
 2 3 13
 2 1 13
 2 9 12
 2 2 1
 8 27 35
 8 27 38
 8 41 49
 5 9 10 48
 2 48 2
 2 8 49
 2 41 9
 5 9 49 18
 2 7 49
 2 6 41
 2 48 6
 8 27 47
 2 7 22
 2 5 22
 2 3 22
 2 4 3
 5 9 11 19
 2 4 19
 2 4 31
 2 0 31
 2 11 0
 2 6 0
 2 4 47
 2 2 47
 2 31 47
 2 10 4
 2 19 35
 2 22 35
 5 12 18 29
 2 2 35
 8 10 39
 10 11 39
 8 12 42
 2 7 12
 5 8 41 40
 2 5 41
 2 12 10
 2 3 12
 2 48 3
 2 8 38
 2 2 42
 2 1 42
 5 48 49 45
 2 49 28
 2 19 49
 2 42 49
 2 31 42
 5 4 10 32
 2 40 4
 2 11 26
 2 19 11
 2 2 11
 2 4 38
 2 13 38
 2 2 18
 2 4 2
 2 28 17
 2 39 17
 2 0 17
 5 12 45 46
 2 31 46
 2 13 45
 2 17 13
 2 47 39
 8 48 24
 2 5 48
 2 35 48
 2 1 41
 2 46 32
 10 9 32
 2 22 32
 2 39 22
 10 8 12
 2 8 24
 2 0 24
 5 2 8 23
 2 31 10
 10 7 23
 2 6 27
 5 35 38 34
 2 49 27
 5 0 47 51
 5 1 18 16
 5 32 34 37
 2 1 6
 2 39 28
 2 38 23
 2 28 40
 5 17 18 21
 2 13 19
 10 1 19
 5 31 34 36
 2 38 12
 5 11 12 15
 2 13 5
 5 9 49 30
 2 31 26
 5 16 21 20
 2 37 29
 5 40 45 43
 5 4 43 44
 5 34 39 33
 5 6 24 25
 5 10 15 14
 8 51 52
 10 6 30
 10 4 47
 10 5 9
 8 49 50
 10 2 9
 10 0 3
 0
