 8 10 36
 2 7 1
 2 2 0
 2 6 2
 8 6 38
 2 9 6
 2 8 2
 2 3 38
 2 2 38
 2 4 3
 2 0 38
 2 10 4
 2 5 0
 8 10 13
 2 10 5
 8 8 18
 2 9 8
 5 9 10 26
 5 8 26 27
 2 7 18
 8 9 32
 2 18 0
 10 7 18
 5 4 5 31
 2 18 5
 5 6 8 17
 2 17 31
 2 5 26
 5 6 26 25
 2 1 25
 5 7 26 28
 10 1 25
 2 3 26
 2 18 10
 10 3 26
 8 4 24
 2 5 4
 2 1 18
 2 2 1
 5 2 24 14
 2 0 14
 10 6 14
 2 24 13
 10 7 18
 2 25 24
 2 3 25
 5 2 31 15
 2 25 31
 2 13 9
 2 14 36
 2 2 36
 2 36 26
 2 9 27
 2 1 27
 2 15 32
 2 6 32
 5 6 13 21
 10 8 13
 2 0 8
 5 1 8 11
 5 21 24 19
 5 36 38 35
 2 15 18
 2 35 28
 2 21 17
 2 24 14
 5 14 15 12
 5 18 21 23
 5 12 17 16
 5 27 28 29
 5 21 25 22
 5 31 32 34
 2 27 2
 5 21 26 20
 2 16 9
 2 22 4
 10 8 10
 2 19 5
 2 6 8
 8 38 37
 2 19 13
 8 34 33
 8 29 30
 10 1 6
 0
