 2 8 3
 2 9 5
 2 13 6
 2 7 2
 2 12 0
 5 12 13 19
 2 8 2
 2 10 1
 2 10 19
 2 6 19
 2 9 19
 2 5 19
 2 1 19
 2 4 1
 2 3 19
 8 14 26
 8 14 33
 10 1 19
 8 12 30
 8 13 46
 2 13 12
 2 14 13
 5 7 9 31
 2 46 7
 2 2 1
 5 10 13 56
 2 6 56
 2 4 56
 10 4 56
 8 46 23
 2 56 31
 2 8 56
 2 31 0
 2 19 31
 2 2 31
 2 9 46
 2 5 46
 2 56 46
 8 13 53
 2 30 14
 5 10 11 40
 8 23 52
 2 3 56
 5 8 9 27
 2 8 53
 8 14 38
 2 11 8
 2 9 14
 2 7 14
 2 46 14
 2 0 14
 2 9 23
 5 23 38 48
 2 10 38
 8 12 34
 2 53 12
 2 6 53
 8 9 17
 2 40 9
 2 3 23
 2 31 23
 2 4 31
 2 2 17
 2 0 17
 2 6 2
 2 27 34
 2 5 34
 5 5 7 15
 2 40 5
 2 10 52
 8 11 35
 2 38 11
 2 53 40
 2 46 40
 10 4 40
 2 19 46
 8 52 28
 2 7 52
 5 8 52 39
 2 38 8
 5 3 52 47
 2 15 3
 5 15 48 16
 2 0 47
 10 0 47
 2 56 48
 2 2 56
 2 5 2
 10 13 56
 2 19 52
 2 14 19
 2 11 33
 10 8 19
 2 6 11
 2 7 56
 2 48 52
 5 6 56 20
 8 10 37
 2 27 26
 2 16 26
 2 13 26
 2 53 30
 2 4 30
 2 48 7
 2 17 48
 2 53 10
 2 5 53
 5 16 20 21
 2 7 5
 2 8 7
 2 1 40
 2 8 34
 11 14 32
 5 10 15 14
 2 2 27
 2 0 2
 5 1 13 42
 2 17 11
 10 4 42
 5 11 14 36
 10 9 36
 5 3 23 25
 5 25 27 22
 2 0 39
 2 2 19
 10 6 19
 5 25 30 24
 5 5 6 50
 5 17 21 18
 5 42 48 43
 5 43 47 44
 5 25 26 29
 5 43 46 41
 5 40 43 45
 2 17 56
 5 53 56 54
 2 52 33
 2 50 36
 2 56 19
 2 4 37
 2 32 28
 2 2 38
 2 54 12
 8 52 51
 2 1 35
 8 56 55
 8 50 49
 10 9 13
 10 4 7
 10 1 8
 10 3 28
 0
