 8 11 15
 2 3 1
 2 11 1
 2 7 4
 2 7 3
 2 11 7
 2 3 0
 2 6 0
 8 11 26
 8 11 20
 8 11 18
 2 10 3
 8 9 21
 2 10 9
 8 8 39
 2 21 8
 2 7 21
 2 21 20
 2 5 21
 2 6 21
 8 10 25
 2 1 21
 2 0 21
 5 6 7 30
 2 3 30
 2 1 30
 8 9 27
 2 6 9
 2 39 6
 5 4 20 32
 2 9 32
 10 10 27
 5 3 4 28
 2 10 28
 5 5 7 33
 2 8 7
 2 33 9
 2 8 15
 5 10 15 38
 2 2 20
 10 2 20
 8 10 14
 2 30 20
 2 4 8
 2 2 8
 2 6 10
 8 38 12
 2 33 38
 2 30 38
 10 1 38
 5 2 28 36
 2 0 36
 8 15 22
 2 21 28
 10 6 22
 2 0 6
 2 20 0
 2 5 27
 8 39 24
 2 8 27
 8 24 23
 2 38 8
 2 2 22
 2 4 12
 10 7 22
 2 30 14
 2 8 14
 10 4 14
 5 32 33 31
 2 38 33
 2 32 18
 2 27 18
 2 30 24
 5 24 27 29
 2 28 24
 5 1 7 35
 2 6 30
 2 33 10
 2 21 9
 10 5 35
 5 20 21 16
 5 16 18 19
 5 31 36 34
 2 0 14
 5 10 12 13
 5 18 21 17
 5 32 34 37
 2 13 3
 5 3 4 43
 2 0 35
 5 6 8 40
 2 20 22
 2 2 26
 2 30 2
 2 3 25
 2 37 15
 2 6 23
 8 40 41
 2 2 39
 2 16 11
 8 43 42
 10 1 9
 10 5 8
 0
