 2 3 0
 2 9 0
 2 13 6
 2 14 1
 2 4 0
 2 7 1
 2 12 8
 2 14 6
 2 11 7
 2 12 6
 2 12 7
 2 15 4
 2 11 9
 2 13 9
 2 12 5
 8 15 31
 2 4 2
 8 15 63
 8 15 26
 8 14 46
 2 15 14
 8 15 57
 2 13 26
 10 13 26
 5 11 26 45
 2 46 11
 8 14 41
 2 12 14
 2 45 14
 2 10 45
 8 45 16
 2 9 45
 2 7 16
 2 6 16
 2 3 16
 8 46 54
 8 41 48
 10 3 16
 2 4 48
 2 2 48
 2 5 2
 8 46 32
 2 6 5
 2 7 14
 2 11 54
 2 12 31
 5 4 16 53
 2 7 4
 2 8 4
 5 10 11 55
 2 12 10
 5 8 12 37
 2 9 26
 5 11 26 17
 2 37 26
 2 5 45
 2 3 45
 2 0 45
 2 6 11
 2 48 11
 2 1 48
 2 16 31
 2 2 31
 2 0 31
 5 8 17 19
 2 55 8
 2 5 19
 2 2 19
 5 9 54 22
 2 54 57
 10 2 19
 2 5 17
 2 31 17
 2 1 31
 5 5 6 25
 2 26 6
 2 26 54
 10 12 25
 2 5 41
 2 7 5
 2 53 41
 2 54 25
 2 7 54
 10 13 26
 2 2 13
 2 3 13
 2 37 63
 2 37 32
 2 12 37
 2 14 12
 5 10 32 50
 2 12 50
 2 19 50
 2 55 15
 2 54 55
 2 4 55
 2 4 63
 2 55 7
 2 1 55
 2 10 46
 10 10 15
 2 25 57
 2 16 25
 2 1 16
 2 25 15
 2 48 15
 2 12 10
 2 10 22
 2 1 10
 2 45 22
 2 31 12
 2 12 25
 2 57 26
 2 41 26
 2 16 41
 2 0 57
 2 41 0
 5 5 54 49
 2 16 49
 2 13 5
 2 11 54
 2 3 46
 2 16 37
 2 12 53
 2 17 63
 5 46 48 40
 5 41 46 44
 2 17 14
 5 45 46 42
 2 14 46
 5 12 13 23
 10 10 23
 2 48 32
 11 14 47
 5 10 15 14
 5 3 32 34
 2 46 8
 5 7 8 39
 10 9 39
 5 12 15 24
 5 17 19 20
 5 4 34 38
 5 49 53 58
 5 16 19 18
 2 45 39
 5 49 50 51
 10 3 37
 5 11 25 30
 5 22 25 27
 5 54 55 61
 5 49 61 60
 5 57 60 56
 5 23 25 28
 5 51 54 52
 5 51 57 59
 5 31 34 36
 5 16 20 21
 5 40 45 43
 5 25 26 29
 2 36 6
 10 11 24
 5 34 39 33
 8 63 62
 2 33 1
 11 4 35
 8 3 4
 0
