 2 5 0
 2 4 0
 8 12 38
 2 12 8
 2 12 4
 2 12 6
 2 2 1
 2 11 1
 5 3 7 20
 2 5 3
 2 10 3
 2 2 20
 2 8 2
 2 6 2
 8 12 44
 2 11 12
 8 12 37
 8 38 31
 2 9 8
 2 6 37
 2 7 37
 2 5 37
 2 1 37
 2 0 37
 2 2 1
 10 0 37
 2 4 44
 2 5 44
 2 3 44
 8 31 15
 2 6 5
 2 10 31
 2 31 37
 10 10 44
 8 44 24
 2 9 44
 8 11 13
 2 7 31
 2 4 31
 8 12 26
 8 12 22
 2 24 12
 8 7 27
 2 9 7
 2 8 22
 5 22 44 41
 2 6 22
 2 3 41
 2 31 3
 2 44 13
 2 6 38
 2 27 6
 2 4 11
 2 10 11
 2 22 4
 5 1 4 32
 2 12 4
 2 8 24
 5 10 41 46
 2 7 41
 10 7 31
 2 32 31
 2 20 32
 5 38 44 17
 2 6 26
 2 10 44
 2 31 10
 2 7 8
 2 2 7
 5 3 20 23
 2 8 20
 2 37 8
 2 37 44
 5 12 31 16
 2 5 31
 5 11 38 35
 2 3 27
 2 32 11
 2 35 9
 2 0 9
 5 9 10 39
 2 5 10
 5 31 35 33
 2 37 35
 2 31 22
 2 27 24
 2 8 17
 2 17 27
 5 7 41 28
 10 6 28
 2 27 2
 5 16 20 21
 2 1 13
 11 12 14
 5 8 13 12
 5 44 46 45
 5 22 27 25
 5 24 25 30
 2 30 3
 2 39 26
 5 32 37 34
 5 31 34 36
 5 17 20 19
 5 25 26 29
 5 16 19 18
 2 9 28
 2 39 5
 2 7 14
 2 11 38
 8 4 42
 8 4 43
 8 46 47
 2 3 4
 2 5 15
 8 41 40
 10 8 10
 10 5 7
 10 0 1
 0
