 2 6 3
 2 9 3
 2 13 3
 2 6 5
 2 13 4
 2 11 5
 2 10 6
 2 8 4
 2 12 10
 2 12 8
 2 9 8
 5 9 11 18
 2 18 10
 2 8 18
 10 9 10
 2 6 10
 2 5 10
 2 7 5
 2 13 7
 5 7 8 50
 2 4 50
 2 2 50
 10 2 50
 8 12 41
 2 13 12
 8 11 52
 2 6 11
 2 12 6
 2 3 11
 2 4 3
 10 9 11
 8 13 33
 2 6 8
 2 52 13
 5 7 12 44
 2 5 44
 2 2 44
 2 1 44
 5 11 41 47
 5 10 11 38
 2 50 38
 2 8 11
 5 11 18 32
 2 3 32
 2 10 3
 5 12 18 20
 2 38 18
 2 1 38
 5 6 33 28
 2 2 28
 2 0 10
 2 10 28
 2 9 7
 2 38 9
 2 7 6
 2 18 7
 5 8 13 16
 2 44 8
 2 10 44
 5 4 20 31
 2 10 31
 2 6 10
 2 38 47
 2 5 38
 5 1 20 29
 2 3 29
 2 9 20
 2 28 9
 5 5 33 42
 2 2 42
 10 4 42
 2 7 42
 2 29 11
 10 5 18
 2 42 18
 2 44 16
 2 9 5
 11 13 51
 5 0 1 25
 11 7 27
 5 8 9 7
 5 0 50 49
 5 10 11 13
 10 6 25
 5 2 31 37
 5 31 32 35
 5 37 38 39
 5 35 39 36
 5 25 27 24
 5 3 47 43
 5 4 11 14
 5 42 43 45
 5 25 29 23
 5 44 45 48
 5 24 28 22
 5 18 20 17
 5 22 23 26
 5 4 13 15
 5 26 27 30
 5 3 44 40
 10 1 5
 5 40 42 46
 5 16 17 19
 5 16 20 21
 5 2 36 34
 10 4 12
 10 3 41
 10 2 33
 0
