 2 9 5
 2 9 4
 2 10 9
 5 6 10 34
 2 3 34
 2 4 34
 2 2 34
 2 7 3
 10 2 34
 5 7 9 31
 2 4 31
 2 8 4
 5 9 10 27
 2 1 31
 10 1 31
 5 6 7 15
 2 9 6
 8 10 11
 2 4 10
 2 15 4
 2 5 15
 11 11 14
 2 34 15
 2 0 15
 5 3 5 36
 2 8 3
 5 8 14 29
 2 36 6
 11 10 30
 5 3 6 10
 2 0 6
 5 10 29 21
 2 36 21
 2 31 36
 5 7 10 13
 2 1 13
 2 34 10
 2 30 7
 2 10 30
 5 1 7 38
 2 10 38
 2 38 4
 5 7 27 18
 2 0 18
 2 36 7
 2 1 5
 2 15 3
 2 3 1
 10 8 30
 11 5 19
 5 3 4 5
 5 0 34 33
 5 0 31 32
 5 1 38 37
 11 10 20
 5 7 8 10
 5 18 19 22
 5 19 21 25
 5 20 21 23
 5 18 20 24
 5 2 15 17
 5 2 13 16
 5 1 36 35
 5 13 15 12
 5 6 10 11
 5 22 23 26
 11 9 28
 5 6 7 9
 10 2 14
 0
