 2 9 4
 2 7 5
 2 8 7
 2 12 4
 2 6 5
 2 12 3
 2 14 8
 2 13 6
 2 11 5
 5 11 13 50
 2 50 3
 2 9 50
 2 10 9
 2 14 10
 5 12 50 42
 2 7 50
 2 5 50
 2 6 42
 2 4 50
 10 6 42
 2 10 50
 10 8 50
 11 14 33
 5 11 50 14
 2 7 50
 2 12 7
 5 9 10 38
 2 13 9
 5 12 33 52
 5 12 38 30
 10 12 52
 2 2 50
 10 2 50
 2 6 38
 2 1 38
 2 2 38
 5 13 33 23
 2 4 2
 5 5 6 54
 2 14 6
 2 54 30
 2 1 54
 2 3 54
 5 10 23 51
 2 42 51
 5 11 52 37
 2 50 51
 5 37 42 56
 2 9 42
 10 9 42
 5 3 4 18
 2 30 4
 2 18 14
 2 51 18
 2 0 51
 5 10 11 17
 2 5 10
 2 3 10
 2 0 10
 2 5 37
 2 51 37
 2 8 51
 10 12 51
 2 3 7
 5 23 56 27
 2 8 3
 2 3 27
 2 1 11
 2 27 11
 2 2 27
 2 1 17
 2 17 4
 2 8 17
 2 8 42
 2 38 8
 2 7 6
 10 5 42
 11 13 41
 5 9 23 13
 2 38 30
 2 30 9
 2 10 30
 5 2 14 36
 2 38 36
 11 12 48
 5 23 42 12
 2 2 12
 2 18 42
 2 37 13
 2 9 56
 2 13 7
 2 30 5
 11 9 47
 5 7 8 9
 11 14 32
 5 0 1 25
 5 0 50 49
 11 13 19
 5 10 11 13
 5 11 12 14
 5 37 38 39
 5 2 37 31
 5 31 32 35
 5 6 27 24
 5 3 47 43
 5 42 43 45
 5 5 56 55
 5 4 6 29
 5 17 18 20
 5 47 48 46
 5 5 54 53
 5 27 30 26
 5 29 30 28
 5 42 46 40
 5 3 40 44
 5 4 26 22
 5 10 14 15
 5 17 19 16
 5 16 20 21
 10 6 25
 10 1 5
 10 4 23
 5 2 36 34
 10 3 41
 10 2 33
 0
