 2 9 3
 2 10 6
 2 11 5
 2 7 4
 2 8 7
 2 9 5
 8 11 41
 2 10 11
 5 8 11 19
 2 9 8
 5 4 7 32
 2 3 32
 2 6 7
 2 7 19
 2 19 3
 5 19 41 17
 2 4 17
 2 5 19
 2 2 19
 2 0 19
 5 4 10 24
 2 2 24
 2 3 24
 10 6 24
 11 11 23
 5 9 41 11
 5 7 10 35
 2 17 7
 2 1 17
 2 0 7
 8 10 25
 2 5 10
 2 8 5
 5 4 9 33
 2 2 33
 11 11 42
 5 1 10 11
 2 3 10
 2 0 10
 2 11 4
 2 32 11
 5 33 42 38
 2 17 38
 2 2 8
 2 4 8
 11 9 43
 5 17 32 9
 2 5 17
 5 5 35 12
 2 2 5
 2 10 35
 2 33 12
 5 9 42 36
 2 7 9
 2 5 24
 2 9 5
 11 7 22
 5 8 9 7
 5 0 2 40
 5 32 35 31
 5 3 24 27
 5 35 36 39
 5 3 4 29
 5 31 33 37
 5 11 12 14
 5 10 14 15
 5 4 22 26
 5 26 27 30
 5 6 17 20
 5 10 11 13
 5 22 24 28
 5 17 19 16
 5 6 19 21
 5 32 38 34
 10 1 5
 10 4 23
 10 3 25
 10 2 41
 11 6 18
 5 0 5 6
 0
