 2 7 6
 2 14 3
 2 9 3
 2 9 7
 2 15 11
 2 13 4
 2 15 6
 2 8 4
 2 13 12
 2 10 7
 2 13 10
 2 14 13
 2 15 14
 5 12 13 18
 2 18 6
 2 11 18
 2 6 18
 2 5 18
 2 10 5
 11 15 27
 5 9 14 15
 2 10 9
 2 3 15
 2 5 15
 2 8 5
 2 1 15
 2 10 12
 2 0 15
 5 9 12 33
 2 8 12
 2 7 12
 2 4 12
 2 2 12
 2 14 4
 5 11 14 23
 2 10 23
 2 7 23
 2 18 23
 5 14 27 52
 5 11 52 38
 2 13 11
 2 6 38
 2 8 6
 2 2 38
 2 1 38
 5 7 33 57
 2 11 33
 5 7 9 63
 2 8 7
 5 52 63 36
 2 5 63
 2 2 63
 2 3 63
 10 2 63
 2 63 57
 2 3 33
 2 1 33
 5 11 36 25
 2 8 25
 5 11 27 43
 5 10 43 41
 2 0 57
 2 6 43
 2 33 43
 2 12 43
 5 36 41 19
 2 6 36
 2 1 19
 10 10 19
 5 4 36 35
 2 35 10
 2 5 35
 5 4 27 42
 2 7 4
 10 8 35
 5 3 52 32
 2 36 3
 2 33 36
 2 57 33
 10 13 33
 5 32 63 51
 2 42 32
 2 2 42
 2 18 51
 2 23 41
 2 32 41
 5 10 57 56
 2 15 57
 5 7 33 40
 2 8 40
 2 10 23
 2 23 19
 2 56 19
 2 12 33
 2 18 12
 5 14 35 49
 2 8 49
 2 36 49
 2 42 18
 10 9 40
 10 11 49
 2 5 49
 2 0 49
 2 8 40
 2 38 8
 2 15 9
 2 3 25
 2 1 35
 2 15 35
 10 6 10
 2 35 10
 10 5 40
 2 13 40
 2 13 5
 11 15 60
 2 57 7
 5 0 63 62
 11 7 20
 5 8 9 7
 5 0 1 50
 10 6 50
 11 13 30
 5 10 11 13
 5 2 25 24
 11 14 53
 5 11 12 14
 5 23 25 29
 5 10 14 15
 5 35 36 39
 5 41 43 47
 5 32 35 31
 5 42 43 45
 5 31 33 37
 5 3 50 58
 5 40 41 44
 5 18 20 17
 5 29 30 28
 5 44 45 48
 5 24 28 22
 5 40 42 46
 5 18 19 21
 5 17 19 16
 5 2 30 26
 5 50 60 55
 5 49 51 54
 5 4 56 61
 5 3 61 59
 5 32 38 34
 10 1 5
 10 4 53
 10 3 52
 10 2 27
 0
