 2 8 5
 2 12 7
 2 4 2
 2 8 4
 2 9 5
 2 10 7
 2 9 4
 2 4 2
 2 4 3
 2 10 8
 5 9 10 33
 2 33 6
 2 7 33
 2 11 9
 2 4 33
 2 5 4
 11 11 32
 5 9 12 11
 5 6 8 36
 2 36 11
 2 3 36
 2 4 36
 5 2 5 47
 2 11 4
 2 9 5
 11 10 43
 5 7 36 10
 2 1 36
 2 5 36
 2 47 7
 2 0 7
 2 6 47
 5 12 32 17
 2 1 47
 5 9 32 29
 5 8 43 41
 5 12 43 42
 2 2 29
 2 29 41
 2 3 29
 5 33 43 22
 2 2 33
 5 6 17 45
 2 10 45
 2 4 2
 2 0 22
 2 0 10
 5 5 11 25
 2 45 25
 2 1 4
 2 1 45
 2 29 8
 2 45 8
 5 6 9 18
 5 17 18 24
 2 41 5
 2 29 18
 2 47 29
 2 36 9
 2 22 9
 2 29 11
 2 5 24
 2 9 5
 5 0 1 19
 10 6 19
 5 0 41 40
 2 7 19
 11 7 37
 5 8 9 7
 5 33 37 31
 5 3 31 35
 5 24 25 27
 5 35 36 39
 5 2 11 14
 5 37 39 38
 5 25 29 23
 5 10 11 13
 5 22 23 26
 5 22 24 28
 5 5 47 46
 5 5 45 44
 5 26 27 30
 5 4 18 20
 5 4 19 16
 5 3 38 34
 5 2 13 15
 5 16 20 21
 10 1 5
 10 4 17
 10 3 32
 10 2 12
 0
