 1     2    53    14
10000000000000
11111111111111
00000000000001
00000000000010
00000000000011
01000000000000
11000000000000
10110110110110
01101101101101
11011011011011
10010111001011
01011100101110
00101110010111
11001011100101
01110010111001
11100101110010
11101001110100
01001110100111
00111010011101
10100111010011
01110100111010
10011101001110
10001001101011
01001101011110
00100110101111
00010011010111
11000100110101
00110101111000
10101111000100
01011110001001
11110001001101
10001100011000
00011000110001
00101001010010
01111011110111
10010100101001
01010010100101
10100101001010
01100011000110
11000110001100
11110101100100
00011110101100
00111101011001
01111010110010
11101011001000
01000111101011
11001000111101
01100100011110
10101100100011
10100000000000
00100000000000
00000000000101
00000000000100
