 1     2    57    15
100000000000000
111111111111111
000000000000001
000000000000010
000000000000011
010000000000000
110000000000000
101101101101101
011011011011011
110110110110110
100101110010111
010111001011100
001011100101110
110010111001011
011100101110010
111001011100101
111010011101001
010011101001110
001110100111010
101001110100111
011101001110100
100111010011101
100010011010111
010011010111100
001001101011110
000100110101111
110001001101011
001101011110001
101011110001001
010111100010011
111100010011010
100011000110001
000110001100011
001010010100101
011110111101111
100101001010010
010100101001010
101001010010100
011000110001100
110001100011000
111101011001000
000111101011001
001111010110010
011110101100100
111010110010001
010001111010110
110010001111010
011001000111101
101011001000111
101000000000000
001000000000000
000000000000101
000000000000100
101010101010101
010101010101010
100110011001100
011001100110011
