 1     2    44    12
100000000000
111111111111
000000000001
000000000010
000000000011
010000000000
110000000000
101101101101
011011011011
110110110110
100101110010
010111001011
001011100101
110010111001
011100101110
111001011100
111010011101
010011101001
001110100111
101001110100
011101001110
100111010011
100010011010
010011010111
001001101011
000100110101
110001001101
001101011110
101011110001
010111100010
111100010011
100011000110
000110001100
001010010100
011110111101
100101001010
010100101001
101001010010
011000110001
110001100011
101000000000
001000000000
000000000101
000000000100
