 1     2    64    16
1000000000000000
1111111111111111
0000000000000001
0000000000000010
0000000000000011
0100000000000000
1100000000000000
1011011011011011
0110110110110110
1101101101101101
1001011100101110
0101110010111001
0010111001011100
1100101110010111
0111001011100101
1110010111001011
1110100111010011
0100111010011101
0011101001110100
1010011101001110
0111010011101001
1001110100111010
1000100110101111
0100110101111000
0010011010111100
0001001101011110
1100010011010111
0011010111100010
1010111100010011
0101111000100110
1111000100110101
1000110001100011
0001100011000110
0010100101001010
0111101111011110
1001010010100101
0101001010010100
1010010100101001
0110001100011000
1100011000110001
1111010110010001
0001111010110010
0011110101100100
0111101011001000
1110101100100011
0100011110101100
1100100011110101
0110010001111010
1010110010001111
1000010010110011
0100101100111110
0011011101010000
0001001011001111
0000100101100111
1011001111100011
1001111100011011
1110101000010010
0111010100001001
0101100111110001
1111000110111010
1101010000100101
1110001101110101
1010000000000000
0010000000000000
