 1     2    48    13
1000000000000
1111111111111
0000000000001
0000000000010
0000000000011
0100000000000
1100000000000
1011011011011
0110110110110
1101101101101
1001011100101
0101110010111
0010111001011
1100101110010
0111001011100
1110010111001
1110100111010
0100111010011
0011101001110
1010011101001
0111010011101
1001110100111
1000100110101
0100110101111
0010011010111
0001001101011
1100010011010
0011010111100
1010111100010
0101111000100
1111000100110
1000110001100
0001100011000
0010100101001
0111101111011
1001010010100
0101001010010
1010010100101
0110001100011
1100011000110
1010000000000
0010000000000
0000000000101
0000000000100
1010101010101
0101010101010
1001100110011
0110011001100
