2137
 2137 2137 1 27
  0   1 1596 281  36 159 2113  85 1616 379 231 385 563 1993 1347 214 351 891 1579 1378 1867 1130 791 1499 786 290 1749 

2213
 2213 2213 1 28
  0   1  22 1531 307 1703 270 1820 1907 1742 219 719 241 1364 132 1188 2067 739 2151 108 1258 1588 1573 158  49 989 210  86 

3863
 3863 3863 1 35
  0   1 261 351 1002 3357 3041 2185 2898 2926 1593 1565 1871 1940 1421 520 1639 3683 2635 3855 556 2193 3170 195 162 388 1366 1221 681 1723 336 3739 2483 1142 772 
4021
 4021 4021 1 35
  0   1 1611 169 3741 710 587 1332 3070 669 1212 477 1708 2267 460 121 1382   3 2466 2501 3831 1329 2114 1904 1802 3774 3906 2592 1079 2120 2600 505 1467 3970 434 

4219
 4219 4219 1 36
  0   1 2051 3882 2457 1808 4145 1139 497 2830 995 3777 2577 2737 2277 2043 1780 2452 924  42 4000 3595 2473 270 2893 3137 3953 3651 2716 340 1489 1197 3478 3549 860 1725 

4799
 4799 4799 1 38
  0   1 4322 3874 200 1955 1551 4686 276 715 2642 207 2025 3401  54 4516 3148 4553 1992 2083 1227 4411 2353 1127 2782 222 4529 2534 2128 3890 453 3436 4355 1643 4178 1422 3598 2596 


