  13 3 0 1 2 4
  17 3 1 1 4 6
  19 3 1 1 4 6
  23 4 1 1 3 5 10
  29 4 1 1 2 4 12
  31 4 1 1 4 8 10
  37 4 3 1 5 7 17
  41 4 2 1 4 12 18
  43 5 1 1 2 8 12 24
  47 5 1 1 4 6 10 20
  53 5 1 1 2 4 16 32
  59 5 2 1 4 6 16 26
  61 5 2 1 2 6 18 27
  67 5 4 1 4 14 22 38
  71 6 2 1 4 8 18 20 29
  73 6 2 1 2 6 9 24 36
  79 6 2 1 2 6 18 27 36
  83 6 2 1 4 6 12 24 37
  89 6 3 1 2 6 9 25 39
  97 6 3 1 2 12 15 34 40
 101 6 4 1 4 17 38 40 49
 103 6 4 1 6 20 22 44 53
 107 6 5 1 6 20 22 46 55
 109 7 2 1 2 6 9 24 33 66
 113 7 2 1 2 6 18 20 40 49
 127 7 3 1 4 8 10 32 43 59
 131 7 3 1 4 12 14 20 40 61
 137 7 4 1 3 12 27 58 64 93
 139 7 4 1 4 7 16 26 49 63
 149 7 6 1 6 18 26 53 109 112
 151 7 6 1 6 14 52 56 72 134
 157 8 2 1 2 6 18 36 45 90 93
 163 8 3 1 3 7 12 15 40 60 75
 167 8 3 1 4 16 32 40 42 92 138
 173 8 3 1 6 18 26 28 64 120 124
 179 8 4 1 4 10 15 37 59 81 83
 181 8 4 1 3 5 13 14 29 82 135
 191 8 5 1 4 10 27 42 43 113 134
 193 8 5 1 4 6 26 37 60 76 106
 197 8 5 1 7 12 16 48 50 73 119
 199 8 6 1 12 14 18 72 108 152 172
 211 9 3 1 4 8 10 16 21 52 78 104
 223 9 4 1 4 8 10 13 30 61 92 107
 227 9 4 1 4 10 13 15 38 53 83 113
 229 9 4 1 2 3 8 12 42 63 80 105
 233 9 4 1 2 6 20 27 60 93 96 109
 239 9 5 1 8 17 27 31 60 118 176 201
 241 9 5 1 8 12 28 52 58 164 166 176
 251 9 5 1 8 12 28 32 68 70 115 186
 257 9 7 1 2 12 20 58 75 155 159 226
 263 9 7 1 6 14 33 35 108 115 145 206
 269 9 8 1 14 19 25 41 71 86 124 174
 271 9 8 1 7 16 40 61 93 119 123 191
 277 10 5 1 6 14 24 68 70 90 102 105 153
 281 10 5 1 8 28 56 60 74 84 89 120 178
 283 10 5 1 4 12 14 30 50 90 124 166 228
 293 10 5 1 4 6 14 40 56 57 77 138 166
 307 10 6 1 2 12 18 21 44 74 112 120 151
 311 10 7 1 13 26 28 36 76 105 137 146 218
 313 10 7 1 22 25 48 59 66 97 170 174 179
 317 10 8 1 11 28 66 80 89 122 124 129 170
 331 10 9 1 3 32 40 98 103 158 170 180 285
 337 11 5 1 2 15 18 39 47 94 135 171 265 271
 347 11 6 1 6 14 24 25 50 59 110 127 139 192
 349 11 6 1 3 8 12 18 60 66 96 194 214 240
 353 11 6 1 3 5 22 31 88 99 133 139 183 208
 359 11 7 1 20 22 32 47 50 58 155 160 215 259
 367 11 7 1 3 8 18 32 65 71 134 192 227 285
 373 11 8 1 4 9 24 45 57 87 100 222 224 312
 379 11 8 1 33 42 44 63 119 129 143 189 259 287
 383 11 7 1 4 7 30 42 44 102 153 208 270 294
 389 11 9 1 7 9 25 47 70 82 132 138 247 250
 397 11 10 1 6 30 76 91 158 274 276 301 314 380
 401 12 6 1 4 20 44 53 67 88 150 160 182 187 188
 409 12 6 1 4 10 12 40 53 68 142 167 303 334 340
 419 12 7 1 2 8 12 29 45 64 121 209 242 289 321
 421 12 6 1 3 20 42 55 60 120 130 151 196 254 392
 431 12 7 1 5 11 26 34 47 56 115 117 165 181 248
 433 12 8 1 10 42 54 67 121 167 172 185 206 419 427
 439 12 8 1 9 13 33 73 75 88 94 153 310 336 339
 443 12 8 1 3 5 14 45 68 148 277 324 339 365 372
 449 12 8 1 3 15 23 48 59 102 163 193 198 313 364
 457 12 9 1 2 18 22 48 55 114 122 128 199 296 334
 461 12 9 1 6 21 54 62 145 199 346 356 359 375 435
 463 12 9 1 4 17 20 43 117 118 124 188 196 243 449
 467 12 10 1 4 9 34 61 67 182 193 324 368 378 388
 479 13 7 1 4 7 16 50 55 89 91 118 219 237 245 345
 487 13 7 1 4 10 18 20 30 90 95 113 147 178 303 348
 491 13 8 1 2 10 40 51 86 111 128 217 235 299 434 439
 499 13 8 1 3 12 34 37 83 132 149 153 192 207 222 245
 503 13 7 1 3 5 16 36 76 113 121 137 242 319 325 344
 509 13 8 1 4 12 42 49 222 235 237 258 304 351 364 426
 521 13 9 1 5 10 18 34 41 110 121 164 218 279 306 361
 523 13 9 1 2 8 21 99 194 212 284 301 349 448 471 480
 541 13 11 1 8 39 42 95 112 123 125 168 222 228 393 491
 547 13 10 1 2 31 36 80 118 166 186 190 208 211 309 445
 557 13 11 1 5 18 49 65 95 105 171 226 287 359 378 412
 563 14 8 1 6 11 27 36 61 156 173 207 220 222 300 473 481
 569 14 8 1 9 23 25 70 90 121 146 191 196 206 245 284 436
 571 14 8 1 8 12 17 57 59 67 155 235 271 305 390 465 482
 577 14 8 1 5 9 41 52 140 141 189 284 290 360 396 414 556
 587 14 9 1 18 50 85 87 114 128 170 226 284 285 306 318 444
 593 14 9 1 20 42 58 122 151 158 178 313 468 476 486 507 510
 599 14 10 1 4 6 16 106 208 217 253 283 305 342 464 472 576
 601 14 9 1 2 7 20 59 85 100 114 147 170 239 256 306 359
 607 14 10 1 13 15 19 40 56 105 138 184 243 254 330 429 594
 613 14 11 1 4 14 26 42 128 137 154 217 295 373 421 556 567
 617 14 10 1 3 9 40 47 131 147 164 216 220 367 426 537 563
 619 14 11 1 9 44 82 96 175 245 260 284 313 325 346 372 421
 631 14 11 1 22 33 48 60 62 64 164 170 293 368 410 440 465
 641 15 9 1 4 21 38 48 82 162 181 187 270 279 324 446 451 516
 643 15 9 1 7 15 31 34 42 62 85 117 202 251 351 355 413 535
 647 15 8 1 5 13 15 66 99 103 124 149 160 215 227 245 398 413
 653 15 8 1 7 14 17 24 51 56 60 170 182 238 251 300 385 399
 659 15 9 1 2 5 22 33 48 67 85 171 183 193 284 327 341 394
 661 15 9 1 6 12 32 38 60 79 199 268 288 515 519 536 549 565
 673 15 9 1 3 18 44 55 74 121 209 215 273 349 424 471 498 506
 677 15 10 1 7 10 28 32 38 68 86 238 282 384 530 565 577 579
 683 15 9 1 6 16 39 67 90 92 109 131 242 373 385 403 530 585
 691 15 10 1 5 17 34 90 121 141 147 150 222 233 351 387 389 417
 701 15 10 1 22 30 44 56 91 92 133 142 144 216 270 324 371 479
 709 15 11 1 36 49 70 87 91 187 198 368 493 499 503 508 536 686
 719 15 12 1 6 44 53 88 115 168 273 398 443 547 572 686 689 699
 727 15 13 1 6 49 55 66 80 88 101 218 274 350 413 571 605 617
 733 15 12 1 14 26 34 37 43 76 114 204 231 312 420 425 602 660
 739 15 13 1 26 40 43 49 87 105 121 266 293 353 424 443 592 599
 743 15 12 1 14 26 48 98 174 207 211 213 218 267 282 335 416 518
 751 15 12 1 25 37 46 102 118 330 331 429 578 607 611 638 646 697
 757 16 10 1 7 19 36 58 124 149 180 223 286 291 306 321 544 681 712
 761 16 10 1 3 8 34 42 54 113 133 205 280 298 320 415 424 440 528
 769 16 10 1 8 29 53 111 115 117 124 155 232 236 287 305 449 509 569
 773 16 10 1 4 8 32 34 43 66 101 131 211 327 344 357 397 599 615
 787 16 10 1 8 28 34 36 52 143 188 191 228 273 328 350 366 426 569
 797 16 11 1 37 44 68 73 79 124 187 263 339 347 356 359 366 445 481
 809 16 11 1 2 15 42 54 112 157 201 204 234 266 270 329 562 572 680
 811 16 12 1 26 37 73 123 129 269 328 330 343 349 538 589 656 721 755
 821 16 11 1 15 32 71 73 78 99 144 147 160 444 464 492 644 655 667
 823 16 13 1 26 40 48 61 70 155 214 345 350 378 492 548 644 744 747
 827 16 13 1 16 33 39 41 86 91 160 202 220 286 392 463 495 629 730
 829 16 13 1 4 65 66 77 132 204 229 279 297 299 401 452 543 643 735
 839 16 13 1 33 66 88 100 134 165 174 178 188 270 272 391 476 506 589
 853 16 14 1 6 45 58 73 118 181 206 307 347 477 538 548 568 804 816
 857 17 9 1 3 16 34 35 43 49 55 84 174 186 196 258 297 388 404 483
 859 17 10 1 2 5 20 28 71 92 114 245 251 258 319 448 477 535 624 695
 863 17 10 1 10 24 60 90 94 137 161 186 200 303 329 334 632 717 719 732
 877 17 10 1 7 34 71 76 79 114 128 214 282 284 304 313 520 540 611 680
 881 17 11 1 24 32 39 72 158 178 220 248 378 588 592 635 641 693 836 846
 883 17 11 1 7 26 30 43 195 257 390 405 410 444 662 673 749 787 817 843
 887 17 11 1 7 10 24 29 69 105 248 252 266 291 302 312 457 551 761 786
 907 17 12 1 2 9 13 68 118 138 148 295 307 340 358 426 463 604 657 691
 911 17 11 1 5 10 18 30 87 98 106 143 228 255 258 347 349 375 605 646
 919 17 13 1 58 62 104 119 133 154 198 272 278 284 342 379 456 714 724 915
 929 17 12 1 19 32 43 126 132 160 193 255 262 266 442 480 753 777 839 851
 937 17 13 1 13 27 52 54 150 167 300 402 426 516 571 579 594 750 832 880
 941 17 13 1 3 14 20 46 53 153 181 229 413 443 524 611 614 656 845 917
 947 17 13 1 5 13 59 122 248 274 380 386 413 692 725 762 764 860 895 931
 953 17 14 1 13 26 37 44 99 128 222 282 288 419 557 562 596 787 791 845
 967 17 13 1 16 18 43 51 60 89 107 113 186 255 295 413 521 655 676 778
 971 18 11 1 15 21 56 59 118 160 161 170 236 242 290 359 364 532 603 618 695
 977 18 11 1 11 60 64 96 133 252 290 296 297 516 570 584 607 609 669 927 970
 983 18 12 1 42 46 53 55 66 93 190 233 455 566 598 601 606 685 756 766 843
 991 18 11 1 10 12 28 79 102 134 174 188 262 277 315 364 384 392 498 670 712
 997 18 11 1 10 14 27 44 84 89 109 216 242 309 430 442 489 542 586 634 705
1009 18 12 1 11 20 71 97 110 115 154 156 189 333 339 354 445 652 715 775 929
1013 18 12 1 8 19 55 57 88 120 178 286 381 382 394 396 480 508 763 869 896
1019 18 13 1 26 45 55 61 91 144 171 209 216 230 437 440 470 533 551 654 682
1021 18 13 1 19 33 38 46 54 77 141 146 356 358 368 462 504 533 624 794 866
1031 18 14 1 3 6 10 40 55 103 128 148 149 198 264 342 383 447 529 643 814
1033 18 13 1 13 24 49 78 110 113 141 180 287 366 372 416 430 432 612 632 639
1039 18 14 1 12 18 60 88 104 110 112 139 157 401 404 435 509 628 667 876 978
1049 18 14 1 5 24 32 73 129 237 303 374 395 496 510 655 665 746 902 954 992
1051 18 13 1 17 49 82 103 118 158 178 194 292 305 370 474 476 548 558 713 803
1061 18 15 1 24 31 51 65 79 132 261 270 319 618 639 675 895 920 964 1022 1040
1063 18 16 1 12 25 27 71 175 329 426 522 652 654 682 742 790 853 858 867 924
1069 18 13 1 7 31 59 73 76 78 171 282 398 402 406 442 521 613 884 970 1045
1087 19 12 1 6 13 31 33 54 71 107 182 186 216 229 285 302 304 308 528 655 664
1091 19 11 1 2 6 15 23 97 123 154 162 292 322 415 478 603 667 727 873 977 1014
1093 18 16 1 240 241 246 318 323 339 341 455 496 552 608 617 642 889 903 951 1008
1097 19 13 1 25 41 63 86 91 97 141 173 227 233 235 516 526 671 721 833 846 850
1103 19 13 1 22 32 39 71 98 99 113 178 270 277 359 533 716 720 729 851 853 962
1109 19 12 1 5 15 17 28 38 57 170 266 268 428 456 551 604 625 663 689 747 810
1117 19 11 1 8 20 34 38 95 132 161 205 211 243 263 306 412 429 600 645 655 771
1123 19 14 1 3 16 24 34 103 126 148 207 253 337 491 596 614 725 773 903 1085 1097
1129 19 13 1 3 9 13 38 74 88 136 321 340 437 514 601 656 835 894 990 1045 1085
1151 19 13 1 7 18 43 64 68 99 176 196 271 443 452 475 483 491 788 832 1004 1037
1153 19 14 1 13 32 71 113 146 231 275 302 379 396 453 611 619 634 640 749 808 812
1163 19 14 1 2 13 19 22 38 68 93 95 230 264 269 333 408 467 539 658 692 819
1171 19 14 1 14 20 21 60 150 211 216 470 520 521 604 816 824 909 940 963 1009 1095
1181 19 15 1 13 34 37 50 124 126 134 188 205 533 576 771 777 780 815 959 1086 1158
1187 19 16 1 4 21 45 46 61 68 139 158 245 337 365 438 620 715 747 902 920 1087
1193 19 15 1 27 46 52 120 146 229 231 251 274 374 439 489 506 555 562 590 614 1157
1201 19 15 1 6 9 32 69 154 176 204 228 255 367 436 478 507 564 604 806 887 889
1213 19 16 1 13 15 28 82 142 158 179 315 376 379 385 423 529 540 858 936 961 965
1217 19 16 1 35 49 91 135 199 211 325 331 352 378 455 835 885 899 1004 1006 1148 1151
1223 19 13 1 6 32 110 343 352 360 396 506 548 660 676 789 821 853 964 1032 1034 1166
1229 20 14 1 6 20 51 76 78 120 137 450 494 515 590 632 813 921 925 1047 1121 1131 1194
1231 20 13 1 2 3 7 20 34 91 101 185 276 292 403 441 464 549 560 582 1037 1188 1197
1237 20 13 1 19 46 52 63 87 133 172 224 362 384 426 500 583 604 623 641 670 836 1224
1249 20 14 1 39 42 208 315 317 375 377 397 501 574 613 641 661 688 763 764 769 1016 1079
1259 20 13 1 12 48 51 55 96 111 148 153 204 356 443 446 468 788 807 931 1042 1044 1088
1277 20 14 1 45 102 123 152 198 240 280 357 360 411 523 543 545 556 673 713 970 1073 1139
1279 20 14 1 31 38 40 106 117 197 265 296 343 374 486 534 537 843 853 972 1057 1172 1254
1283 20 14 1 12 28 48 66 109 124 134 184 197 291 370 546 549 578 591 1005 1013 1046 1054
1289 20 15 1 11 25 78 140 144 185 204 294 302 511 583 719 874 929 977 979 1003 1028 1232
1291 20 16 1 10 43 67 143 198 316 366 439 451 459 498 741 756 778 781 784 955 1026 1247
1297 20 15 1 2 4 97 131 195 232 295 307 339 561 884 901 926 968 983 988 1009 1145 1146
1301 20 15 1 16 66 93 136 231 275 345 353 356 498 564 567 650 739 806 879 885 894 1074
1303 20 16 1 4 9 71 134 137 206 232 323 352 371 373 620 871 894 927 939 1180 1197 1210
1307 20 16 1 2 5 54 64 112 186 333 373 419 456 533 676 785 927 1034 1085 1105 1137 1178
1319 20 16 1 22 71 78 220 231 235 242 512 513 538 552 557 644 704 759 762 924 957 1208
1321 20 16 1 5 174 202 215 243 262 263 450 595 600 784 897 904 953 967 976 1031 1109 1222
1327 20 15 1 48 54 86 142 159 241 246 259 272 318 473 498 560 621 636 796 1175 1219 1231
1361 21 13 1 13 17 66 84 109 122 129 148 151 269 407 415 422 560 634 636 792 872 1002 1035
1367 20 18 1 2 22 109 144 169 186 345 377 506 570 581 652 680 683 698 950 1088 1214 1306
1373 20 17 1 4 6 99 181 229 259 302 408 414 458 499 522 532 683 865 987 1127 1320 1345
1381 21 14 1 40 44 60 81 171 224 226 232 256 301 332 404 429 687 748 923 1000 1044 1084 1259
1399 21 15 1 12 14 19 57 85 99 320 420 477 501 609 615 621 667 725 834 1100 1191 1252 1269
1409 21 14 1 4 12 17 44 71 125 144 166 175 244 301 535 556 603 620 717 745 975 1038 1082
1423 21 16 1 8 50 58 70 81 148 333 441 467 635 695 738 794 938 951 955 1114 1339 1376 1392
1427 21 16 1 13 59 91 132 143 152 165 219 363 378 381 532 558 617 659 724 1050 1110 1345 1412
1429 21 16 1 4 109 172 238 363 381 387 493 507 539 571 604 620 711 1077 1135 1191 1231 1233 1379
1433 21 16 1 85 89 101 193 344 354 355 487 619 666 684 707 734 744 824 833 853 974 1172 1370
1439 21 16 1 10 15 36 78 139 172 179 199 375 413 421 479 501 549 696 870 898 1047 1358 1362
1447 21 16 1 9 21 40 57 117 121 186 260 380 398 464 509 550 644 673 731 807 1048 1086 1234
1451 21 16 1 13 63 91 107 114 151 182 183 237 359 397 470 495 536 735 752 774 855 857 1222
1453 21 16 1 6 22 39 50 145 220 287 297 323 372 519 742 815 823 845 868 1031 1245 1293 1367
1459 21 15 1 5 26 48 86 156 198 221 256 332 416 447 508 584 744 761 873 925 969 1138 1147
1471 21 16 1 4 48 77 166 171 179 207 306 308 493 518 766 771 973 994 1277 1350 1364 1416 1456
1481 21 16 1 6 14 15 33 44 122 125 273 431 653 688 723 831 925 1149 1174 1283 1306 1316 1369
1483 21 18 1 8 12 42 171 236 245 357 382 419 493 508 539 706 732 929 1053 1091 1295 1311 1411
1487 21 18 1 46 133 171 173 195 198 207 264 490 554 649 691 794 1077 1080 1088 1212 1279 1358 1359
1489 21 17 1 18 65 84 105 200 234 267 323 429 566 568 746 767 776 858 1056 1248 1276 1317 1348
1493 21 18 1 39 56 87 166 182 208 222 233 517 578 640 800 835 899 973 1069 1115 1325 1343 1461
1499 21 17 1 34 76 82 145 166 197 262 288 342 441 785 951 964 1030 1038 1100 1189 1332 1405 1449
1511 22 15 1 14 23 26 102 140 143 198 284 285 289 393 444 446 452 496 633 675 839 995 1212 1340
1523 22 14 1 14 43 44 136 160 167 214 240 365 416 460 462 624 628 886 905 956 961 1170 1177 1254
1531 22 15 1 12 59 74 86 104 106 169 170 248 339 365 444 510 596 611 761 807 882 1012 1056 1503
1543 22 15 1 10 15 32 69 154 216 254 278 282 315 329 371 478 599 640 864 873 881 1083 1137 1167
1549 22 15 1 12 30 75 117 144 169 244 274 293 381 454 494 495 501 571 753 825 857 1133 1383 1468
1553 22 16 1 24 58 155 156 225 252 289 307 409 415 434 746 767 768 930 1231 1255 1297 1361 1407 1536
1559 22 15 1 3 6 22 34 74 101 121 184 299 381 570 609 626 812 999 1103 1160 1168 1245 1296 1319
1567 22 16 1 10 28 89 93 124 244 266 493 523 540 546 579 595 645 754 1113 1235 1372 1388 1492 1494
1571 22 17 1 21 47 59 65 190 217 241 330 343 450 604 667 702 840 1018 1113 1140 1167 1236 1408 1415
1579 22 16 1 35 48 50 64 100 109 275 372 492 597 761 792 840 845 878 999 1045 1115 1125 1491 1555
1583 22 16 1 18 61 121 219 304 308 338 387 418 564 608 620 815 822 857 1026 1202 1336 1391 1478 1544
1597 22 15 1 8 11 55 115 142 185 190 446 459 480 484 517 549 613 755 1080 1162 1337 1356 1377 1517
1601 22 16 1 23 34 75 81 232 240 476 714 753 796 837 874 892 1014 1023 1029 1104 1298 1303 1460 1494
1607 22 18 1 28 60 130 174 178 231 309 374 419 517 519 526 838 853 902 909 993 1021 1108 1127 1313
1609 22 17 1 18 49 50 62 126 142 176 185 393 396 398 436 554 807 1046 1100 1127 1162 1331 1462 1476
1613 22 18 1 38 103 119 134 153 180 191 359 622 804 808 853 931 1011 1025 1051 1139 1146 1326 1384 1460
1619 22 19 1 3 58 182 183 196 214 279 314 368 371 402 528 575 596 634 870 1137 1176 1204 1475 1600
1621 22 16 1 23 39 192 213 302 323 533 615 626 638 681 685 700 709 714 886 903 1095 1266 1319 1406
1627 22 18 1 11 65 78 84 102 241 373 423 462 544 648 649 679 682 894 963 998 1160 1290 1501 1535
1637 22 17 1 13 107 174 198 258 260 274 314 397 403 442 461 700 765 792 1023 1040 1064 1278 1356 1503
1657 22 17 1 41 75 85 89 97 214 216 223 337 361 554 733 859 1170 1175 1277 1303 1329 1335 1473 1534
1663 22 18 1 9 71 132 153 245 257 383 411 592 644 724 747 949 1031 1065 1131 1392 1414 1457 1529 1575
1667 22 18 1 43 54 141 146 176 231 302 560 563 604 640 784 817 1020 1120 1309 1340 1354 1374 1471 1645
1669 22 18 1 6 63 91 202 209 273 309 322 349 670 800 866 874 909 1066 1130 1350 1353 1428 1525 1652
1693 23 15 1 12 22 50 54 75 82 111 141 176 239 314 323 408 626 658 825 827 830 1175 1195 1299 1409
1697 23 16 1 4 24 43 68 98 149 159 180 239 337 382 581 765 848 1020 1199 1310 1330 1368 1436 1439 1648
1699 23 16 1 22 61 91 107 139 228 300 340 349 545 580 584 659 946 955 973 979 1037 1056 1080 1082 1387
1709 23 16 1 4 23 30 172 198 218 238 263 279 498 506 530 577 623 657 719 1020 1042 1073 1181 1204 1579
1721 23 16 1 21 26 58 74 78 92 121 232 251 262 383 712 958 1075 1114 1124 1168 1203 1368 1442 1495 1618
1723 23 16 1 32 157 215 230 232 240 421 536 674 680 782 786 914 946 1003 1038 1408 1532 1550 1601 1620 1643
1733 23 16 1 13 24 71 91 92 206 278 301 412 440 457 492 558 647 789 796 827 863 929 1021 1038 1613
1741 23 16 1 8 10 23 95 97 259 564 568 593 609 693 731 853 1016 1071 1093 1274 1284 1314 1374 1435 1693
1747 23 17 1 11 35 75 155 156 291 304 329 331 388 546 732 925 966 1258 1337 1372 1400 1498 1641 1682 1695
1753 23 16 1 4 17 39 85 100 112 193 248 270 319 328 375 499 505 793 821 911 1191 1320 1368 1411 1508
1759 23 16 1 14 23 46 89 179 199 220 235 236 347 506 713 948 970 1083 1085 1186 1193 1221 1506 1518 1579
1777 23 18 1 6 15 59 67 79 86 200 318 451 478 526 548 639 717 792 1169 1434 1478 1543 1566 1588 1626
1783 23 16 1 17 49 57 94 208 225 236 334 359 394 435 730 734 804 814 912 976 1039 1129 1398 1502 1536
1787 23 17 1 17 97 130 200 208 262 269 282 325 369 525 611 788 793 938 941 967 1157 1376 1490 1495 1682
1789 23 19 1 50 84 87 139 148 192 240 399 494 549 622 708 711 728 807 831 933 1074 1076 1467 1534 1757
1801 23 19 1 8 22 51 92 130 182 256 260 444 490 517 599 689 821 938 975 1241 1267 1276 1364 1574 1716
1811 23 19 1 10 33 43 52 63 69 87 190 395 607 644 740 805 861 865 883 890 1143 1350 1424 1575 1644
1823 23 19 1 11 20 40 76 136 209 524 578 881 915 994 1107 1121 1198 1210 1258 1295 1298 1302 1423 1469 1622
1831 23 18 1 15 45 81 88 94 134 184 386 429 471 576 608 896 1040 1059 1082 1145 1168 1598 1618 1623 1675
1847 23 19 1 28 36 89 126 151 189 397 539 661 671 684 741 787 838 910 1048 1057 1545 1626 1660 1681 1790
1861 24 16 1 4 24 54 141 258 341 349 370 471 488 492 588 918 963 1259 1357 1358 1452 1499 1507 1518 1581 1737
1867 24 16 1 5 21 40 50 62 64 136 285 309 468 476 541 831 842 845 986 1059 1196 1215 1288 1373 1458 1780
1871 24 16 1 109 150 152 154 238 252 264 373 426 458 527 759 868 946 949 957 974 1036 1195 1294 1322 1470 1799
1873 24 17 1 13 16 85 114 157 159 162 312 319 710 860 942 986 1137 1189 1226 1246 1276 1311 1538 1657 1693 1823
1877 24 17 1 5 8 23 63 190 270 333 371 408 465 675 698 722 754 866 1228 1274 1277 1351 1385 1652 1744 1775
1879 24 17 1 9 16 110 200 230 243 313 327 396 531 535 591 834 839 1123 1407 1408 1445 1470 1585 1613 1728 1747
1889 24 17 1 5 46 82 103 116 179 183 291 409 497 781 880 888 936 983 1278 1298 1565 1673 1721 1732 1857 1861
1901 24 16 1 5 7 18 58 134 157 257 521 622 638 787 896 1050 1084 1091 1094 1206 1312 1363 1504 1574 1672 1717
1907 24 17 1 5 7 28 42 89 107 190 205 268 498 512 610 690 985 1065 1288 1294 1384 1655 1658 1665 1680 1762
1913 24 18 1 2 4 12 93 101 116 234 272 380 397 463 659 895 1017 1206 1273 1301 1338 1711 1720 1727 1794 1870
1931 24 18 1 8 45 51 69 91 117 428 458 469 493 505 584 603 606 662 806 874 880 956 1131 1366 1639 1734
1933 24 19 1 7 47 94 131 164 181 317 336 344 445 619 789 885 917 945 947 1062 1411 1552 1636 1685 1749 1892
1949 24 21 1 28 61 70 113 146 281 432 648 702 812 859 921 999 1001 1037 1047 1078 1120 1291 1354 1384 1483 1795
1951 24 19 1 4 15 20 93 127 230 346 439 566 643 727 739 807 925 945 1426 1511 1521 1561 1642 1687 1795 1922
1973 24 20 1 21 40 55 84 248 296 298 334 399 519 610 731 755 848 946 1048 1053 1230 1285 1296 1489 1604 1664
1979 24 20 1 185 258 291 313 322 358 515 518 520 526 627 671 958 1057 1094 1120 1219 1266 1311 1360 1444 1620 1716
1987 24 20 1 3 14 84 282 388 391 512 530 551 582 626 744 758 836 897 1042 1069 1075 1196 1344 1576 1622 1647
1993 24 18 1 15 51 121 126 142 156 264 268 285 408 449 488 497 511 722 1009 1234 1333 1387 1430 1699 1789 1799
1997 24 21 1 79 87 156 198 283 320 382 386 429 478 544 710 805 828 855 887 896 911 1289 1437 1450 1466 1488
1999 24 20 1 2 4 32 55 87 114 160 199 256 356 388 393 458 632 652 699 920 999 1017 1093 1165 1510 1847

2003 24 20 1 23 48 75 111 206 223 249 255 347 624 774 781 985 1001 1191 1230 1276 1333 1337 1449 1567 1638 1897
2011 24 19 1 5 7 25 39 98 435 440 566 616 635 796 842 890 939 945 1010 1053 1654 1729 1750 1863 1934 1992
2017 24 19 1 9 22 78 303 317 330 408 410 469 590 668 730 783 1200 1207 1219 1496 1652 1683 1770 1787 1807 1811
2027 24 20 1 4 177 212 229 235 343 442 452 470 509 558 771 934 946 1092 1190 1238 1343 1383 1467 1605 1844 1899
2029 24 20 1 6 100 134 188 196 262 274 341 369 406 428 451 479 504 572 670 979 1012 1275 1533 1546 1576 1637
2039 24 19 1 5 74 97 130 256 261 326 346 355 461 592 633 683 855 863 866 922 976 1330 1338 1597 1615 1899
2053 24 21 1 38 122 218 229 236 341 417 438 442 531 555 612 667 711 728 1103 1325 1369 1400 1434 1553 1640 1811
2063 24 21 1 8 104 141 248 360 410 655 689 760 765 773 875 905 974 1032 1127 1505 1541 1668 1707 1723 1730 1827
2069 24 21 1 5 33 53 123 132 258 320 492 559 716 889 961 1010 1103 1280 1423 1496 1625 1650 1896 1919 1933 2005
2081 25 17 1 9 50 66 113 155 218 243 291 383 418 436 450 453 482 761 797 906 918 1174 1453 1696 1765 2005 2022
2083 25 17 1 11 20 45 122 123 194 208 214 264 273 360 378 420 432 794 855 1028 1114 1160 1526 1632 1634 1655 1753
2087 25 19 1 17 24 33 45 58 112 119 194 270 293 349 456 833 1028 1040 1224 1252 1305 1383 1446 1563 1594 1634 1654
2089 25 18 1 13 44 49 99 122 128 338 432 494 520 524 646 754 825 845 1003 1160 1342 1373 1422 1638 1833 1918 1929
2099 25 20 1 60 87 184 204 293 375 472 523 545 556 592 637 639 683 744 851 942 1042 1084 1093 1222 1587 1679 1876
2111 25 21 1 83 138 156 194 198 314 448 565 592 594 777 822 863 875 913 1088 1120 1227 1266 1464 1673 1701 1805 1949
2113 25 22 1 61 86 120 158 166 281 436 456 609 686 792 796 798 894 931 1051 1081 1093 1103 1351 1375 1730 1751 1800
2129 25 20 1 2 11 145 233 300 310 344 351 357 507 520 527 548 567 606 679 804 846 1401 1456 1693 1716 1810 1945
2131 25 20 1 6 141 215 235 236 278 461 472 554 580 638 656 694 704 819 851 942 1083 1238 1276 1613 1702 1782 2108
2137 25 20 1 2 49 120 121 216 23437 250 254 362 718 739 823 837 842 877 1191 1515 1599 1641 1721 1726 1990 2064 2073
2141 25 21 1 12 119 199 305 331 451 485 599 640 723 780 884 897 939 994 1010 1111 1129 1263 1387 1578 1725 1740 1959
2143 25 20 1 25 90 110 130 207 274 618 627 733 785 788 795 918 919 923 997 1060 1262 1554 1664 1714 1755 1758 1814
2153 25 20 1 2 25 64 104 189 200 204 294 328 358 664 672 754 765 921 943 1038 1150 1165 1668 1877 2023 2032 2149
2161 25 20 1 29 71 78 84 102 188 222 242 336 340 593 783 797 1012 1107 1365 1370 1499 1527 1571 1695 1697 1843 2079
 2179 25 20 1 17 56 121 166 380 478 481 539 712 730 757 869 886 1241 1370 1482 1611 1840 1894 1973 1987 2113 2136 2142
2203 25 20 1 26 60 200 255 459 472 488 501 552 809 817 1037 1070 1157 1658 1662 1781 1807 1907 2052 2055 2075 2182 2185
2207 25 21 1 13 60 63 65 91 93 243 254 289 364 497 581 612 657 868 1055 1217 1300 1549 1555 1677 1787 1791 2004
2213 20 20 1 4 13 71 125 159 292 293 321 402 603 687 707 739 897 953 1181 1278 1471 1527
2221 25 21 1 4 38 88 207 228 391 395 629 637 775 807 897 957 1114 1217 1219 1368 1377 1722 1775 1895 2011 2034 2057
2237 26 18 1 16 19 73 129 138 233 241 278 283 404 566 624 897 1072 1083 1248 1275 1301 1380 1459 1595 1613 1667 1919 2151
2239 26 19 1 38 96 109 129 135 190 194 222 260 509 526 550 632 726 792 889 1000 1015 1028 1149 1183 1227 1239 1452 1905
2243 26 19 1 38 82 96 106 107 146 185 230 247 303 353 410 413 438 464 703 807 884 937 1133 1336 1765 1777 1786 1802
2251 26 19 1 14 16 38 98 203 212 226 259 274 279 512 741 754 794 1008 1088 1122 1363 1488 1497 1566 1672 1688 1872 2098
2267 26 19 1 49 84 106 224 315 362 369 626 659 679 737 787 833 900 934 1033 1091 1216 1313 1339 1733 1834 1998 2023 2028
2269 26 18 1 19 76 88 101 128 159 238 251 489 702 728 815 828 830 834 864 1025 1071 1097 1562 1677 1736 1853 2038 2185
2273 26 20 1 42 107 113 443 447 502 835 856 902 958 1032 1060 1062 1107 1149 1191 1198 1345 1420 1615 1693 1698 1718 1798 1848
2281 26 19 1 28 75 117 133 258 438 481 829 902 1287 1297 1430 1567 1594 1611 1703 1725 1762 1768 1847 1972 1999 2033 2096 2229
2287 26 19 1 22 38 60 79 80 153 177 261 323 348 439 579 597 602 698 804 828 850 1184 1273 1396 1645 1888 2074 2097
2293 26 19 1 19 53 98 106 129 194 199 262 324 344 346 542 555 593 638 792 1140 1199 1209 1271 1527 1528 1699 1767 2048
2297 26 19 1 19 27 38 66 160 163 194 229 280 778 785 984 1197 1201 1228 1348 1424 1468 1491 1791 1831 1833 1842 2182 2225
2309 26 19 1 23 49 59 66 144 195 227 257 288 300 431 858 962 1189 1240 1275 1375 1412 1692 1795 1811 1822 1824 1977 2244
2311 26 19 1 26 29 64 76 224 226 380 423 428 432 441 464 518 545 902 1001 1018 1031 1070 1156 1222 1277 1366 1373 1666
2333 26 21 1 5 57 77 141 146 185 209 217 232 472 587 594 669 837 867 872 1010 1189 1340 1421 1503 1606 1905 2000 2054
2339 26 20 1 30 116 150 184 189 245 341 447 462 471 563 607 694 712 1072 1082 1174 1234 1401 1664 1677 1691 1708 2285 2289
2341 26 19 1 5 35 126 133 248 414 462 493 512 741 990 1015 1054 1171 1225 1227 1255 1299 1311 1407 1910 1980 2034 2052 2135
2347 26 19 1 43 45 73 169 181 313 379 383 733 738 888 898 929 981 1103 1152 1173 1184 1192 1314 1567 1614 1917 2016 2201
2351 26 21 1 16 47 87 121 185 187 191 264 487 677 843 869 1126 1248 1329 1410 1424 1836 1839 1994 2038 2047 2073 2194 2289
2357 26 21 1 66 87 259 342 380 388 393 415 744 779 783 798 811 841 1204 1274 1344 1369 1378 1444 1470 1525 1857 1975 2090
2371 26 21 1 12 91 177 186 222 226 269 344 657 750 1040 1099 1110 1173 1246 1311 1365 1387 1407 1417 1587 1801 1974 2088 2303
2377 26 22 1 17 32 39 48 68 181 264 285 337 456 468 514 520 531 898 1003 1015 1147 1384 1388 1472 1633 1780 1790 2060
2381 26 22 1 35 115 130 228 276 366 468 520 553 555 627 1179 1323 1542 1566 1794 1798 1815 1820 1834 2152 2177 2191 2209 2288
2383 26 21 1 15 61 92 94 115 125 236 275 283 597 784 813 937 992 1054 1078 1122 1230 1406 1430 1434 1479 1532 1643 2164
2389 26 21 1 39 63 83 96 111 142 235 271 329 542 669 922 952 956 1117 1399 1416 1423 1584 1593 1647 1732 1943 2020 2089
2393 26 21 1 158 214 238 272 300 308 317 319 385 411 567 706 791 803 872 926 1084 1240 1495 1660 1702 1946 1999 2062 2106
2399 26 20 1 40 105 107 116 133 422 427 568 666 677 681 718 767 815 911 1171 1175 1271 1393 1473 1570 1716 1852 2056 2089
2411 26 22 1 9 35 73 226 317 333 452 610 640 759 844 962 1299 1334 1437 1451 1536 1630 1785 1902 2005 2085 2363 2368 2375
2417 26 21 1 2 10 127 156 160 265 370 488 585 676 801 1006 1307 1326 1371 1408 1447 1567 1733 2095 2110 2304 2319 2340 2392
2423 26 22 1 44 118 169 215 268 283 435 442 787 813 931 980 1013 1303 1367 1676 1858 1880 1882 2137 2213 2226 2229 2242 2301
2437 26 22 1 84 124 131 169 177 246 296 298 434 448 489 629 977 1008 1042 1071 1249 1673 1700 1770 1774 1791 2267 2292 2362
2441 27 19 1 3 160 234 300 503 525 527 644 652 694 812 844 866 881 947 948 1078 1187 1478 1502 1518 1538 1571 1968 2003 2043
2447 27 20 1 3 44 51 134 152 171 371 490 576 734 766 853 947 974 1043 1045 1347 1480 1502 1527 1610 2027 2195 2215 2283 2392
2459 27 19 1 49 108 211 255 431 435 439 464 686 778 813 928 1069 1161 1201 1211 1313 1398 1632 1674 1716 1760 1991 2034 2154 2208
2467 27 20 1 4 17 52 66 97 188 198 203 231 298 438 497 666 672 694 747 779 780 862 1102 1280 1783 1824 1949 2120 2193
2473 27 22 1 27 130 133 149 153 296 353 357 443 454 817 844 884 980 1033 1266 1421 1476 1523 1748 2041 2262 2322 2388 2438 2468
2477 27 21 1 19 83 153 245 313 345 384 511 514 548 604 616 771 818 1131 1136 1159 1231 1508 1528 1835 1988 2197 2244 2367 2375
2503 27 22 1 51 77 107 138 140 183 207 226 418 500 541 553 1042 1216 1396 1430 1435 1770 1866 2026 2063 2198 2296 2313 2409 2410
2521 27 22 1 8 10 108 167 218 296 386 496 498 688 750 753 757 927 1253 1354 1491 1504 1635 1687 2187 2214 2289 2352 2370 2512
2531 27 22 1 38 46 85 118 134 244 462 572 782 829 849 864 964 968 986 1005 1270 1936 1979 1989 2199 2268 2296 2311 2361 2481
2539 27 20 1 2 18 50 59 131 146 167 228 236 421 454 633 849 961 998 1100 1145 1625 1887 2023 2139 2230 2324 2352 2397 2533
2543 27 21 1 9 46 76 115 174 239 415 417 450 578 794 842 885 906 929 1082 1474 1551 1914 1961 2029 2145 2165 2176 2372 2449
2549 27 22 1 36 53 60 69 117 180 347 384 403 537 546 592 789 850 924 946 1125 1227 1340 1621 1892 1906 1933 2174 2205 2455
2551 27 22 1 7 47 58 82 95 127 250 422 600 766 934 1030 1081 1090 1109 1280 1402 1488 1816 1984 2002 2116 2221 2240 2367 2439
2557 27 23 1 5 8 25 78 122 343 488 580 687 776 834 1335 1557 1568 1601 1692 1747 1848 1897 1938 2056 2141 2178 2422 2453 2494
2579 27 22 1 28 55 101 122 136 216 266 347 493 501 765 806 1018 1096 1140 1396 1479 1499 1638 1744 1837 1919 2186 2210 2355 2393
2591 27 21 1 19 70 73 137 205 216 307 531 575 619 628 678 733 956 978 1060 1365 1568 2113 2269 2275 2290 2351 2417 2432 2482
2593 27 21 1 27 36 94 108 113 299 354 490 666 670 767 813 819 1031 1148 1157 1187 1198 1280 1359 1517 1792 2007 2050 2068 2183
2609 27 22 1 5 64 111 247 350 360 385 418 468 747 1109 1200 1334 1433 1519 1552 1897 1916 1978 2002 2014 2162 2178 2398 2553 2557
2617 27 22 1 173 222 264 342 357 467 476 566 982 1004 1029 1177 1426 1433 1550 1708 1767 1827 2091 2093 2097 2148 2284 2462 2522 2600
2621 27 22 1 51 77 106 151 185 220 239 311 435 493 508 557 560 606 983 1026 1149 1234 1237 1315 1884 1994 2090 2185 2196 2422
2633 27 23 1 21 30 52 102 141 165 194 393 398 404 499 1098 1133 1455 1580 1656 1754 1783 1795 2015 2042 2173 2205 2228 2244 2485
2647 28 21 1 4 21 135 154 165 177 257 315 362 424 442 549 581 643 852 974 995 1031 1068 1121 1437 1759 1813 2010 2023 2352 2506
2657 28 21 1 59 206 402 417 432 444 505 572 676 698 708 734 784 789 882 1078 1157 1672 1862 1898 1918 2036 2258 2443 2444 2506 2563
2659 28 22 1 19 28 124 163 180 331 353 527 614 815 892 945 974 1072 1074 1286 1336 1648 1873 1969 2009 2199 2255 2262 2388 2588 2655
2663 28 21 1 12 79 150 159 219 307 401 480 482 607 709 773 1011 1166 1170 1194 1422 1610 1620 1734 2011 2126 2150 2301 2494 2606 2646
2671 28 22 1 27 59 103 109 175 182 317 355 538 631 985 1034 1071 1138 1140 1344 1407 1442 1462 1712 1749 1751 2028 2282 2294 2435 2471
2677 28 22 1 24 74 109 201 220 222 228 322 448 493 504 535 966 1048 1117 1180 1198 1235 1414 1763 1782 2015 2042 2066 2357 2414 2517
2683 28 20 1 5 22 55 87 145 155 177 179 242 277 377 379 740 1234 1312 1446 1679 1718 1782 1838 1999 2022 2082 2178 2253 2430 2665
2687 28 22 1 14 35 83 101 258 261 281 402 501 645 726 768 809 999 1099 1184 1186 1221 1294 1368 1395 1533 1843 1994 2108 2297 2435
2689 28 22 1 27 37 89 162 174 234 276 281 347 372 549 593 963 998 1088 1140 1197 1262 1335 1560 1580 1713 1893 1944 1998 2043 2562
2693 28 22 1 18 35 71 107 178 242 251 269 274 412 500 544 578 701 744 796 1068 1116 1136 1858 2020 2156 2210 2233 2249 2355 2366
 2699 28 21 1 30 102 103 258 455 457 464 467 580 590 703 744 764 778 883 885 1228 1312 1372 1376 1983 2073 2187 2324 2419 2580 2693
 2707 28 23 1 53 121 143 216 349 354 380 783 912 966 1273 1287 1343 1398 1518 1623 1903 1937 1954 2286 2350 2353 2383 2444 2452 2626 2628
2711 28 22 1 4 17 112 126 184 276 335 345 655 885 1027 1097 1199 1206 1305 1421 1452 1587 1606 1859 1902 2054 2101 2171 2483 2588 2589
2713 28 23 1 23 79 115 251 257 267 295 297 398 452 495 556 730 979 1020 1142 1183 1192 1234 1242 1308 1369 1525 1713 2090 2377 2613
2719 28 21 1 32 53 138 249 297 329 331 345 377 410 415 619 621 697 781 887 1052 1169 1184 1200 1516 1544 1609 1663 2180 2249 2551
2729 28 23 1 16 62 132 150 188 191 290 318 415 453 502 640 693 706 805 1100 1663 1714 1749 1959 2074 2147 2218 2220 2525 2681 2685
2731 28 23 1 7 137 188 434 491 518 590 658 1151 1335 1389 1561 1636 1707 1841 1848 1866 1920 1955 2023 2098 2133 2385 2541 2577 2614 2619
2741 28 21 1 9 30 102 112 217 512 521 761 798 879 885 999 1036 1130 1136 1183 1242 1522 1724 2028 2048 2051 2052 2108 2172 2194 2422
2749 28 21 1 2 9 36 40 66 111 167 274 452 577 662 679 987 990 1095 1128 1142 1165 1634 1782 1893 2065 2237 2314 2463 2482 2558
2753 28 23 1 58 112 122 218 289 369 372 390 457 476 495 522 635 651 792 824 1040 1451 1510 1535 1586 1609 2108 2114 2166 2441 2737
2767 28 22 1 2 63 77 266 284 289 360 415 554 562 643 832 898 911 933 948 1090 1149 1200 1342 1430 1472 1495 1542 1660 2605 2739
2777 28 23 1 19 458 462 474 482 520 555 576 681 975 1027 1108 1146 1434 1732 1856 1901 2054 2067 2130 2137 2216 2403 2405 2520 2641 2650
2789 28 22 1 4 47 86 119 126 189 294 371 385 393 473 486 619 704 848 1117 1557 1574 1668 1670 1813 1846 2176 2237 2242 2667 2736
2791 28 24 1 59 73 74 80 208 367 574 626 655 659 693 747 757 894 1429 1463 1538 1772 1774 1815 1818 2200 2214 2260 2343 2627 2674
2797 28 21 1 8 17 25 65 312 419 481 504 542 607 1008 1135 1211 1257 1265 1293 1429 1442 1474 1501 1608 1671 1809 2017 2080 2437 2536
2801 28 23 1 17 47 72 106 128 274 353 430 446 454 700 848 1130 1231 1335 1362 1393 1474 1519 1543 1553 1802 1939 2030 2268 2288 2343
2803 28 22 1 21 29 82 115 166 207 251 344 353 415 435 477 670 806 886 1188 1193 1219 1328 1360 1462 1623 1778 1817 1870 1921 2158
2819 28 22 1 52 131 154 199 252 391 591 611 676 717 775 810 906 1053 1074 1075 1101 1233 1387 1550 1566 1676 1726 1789 1800 1813 2069
2833 28 23 1 6 8 56 93 96 128 320 361 568 715 869 896 1011 1017 1036 1113 1194 1218 1443 1500 1509 1704 1842 1873 2495 2571 2694
2837 28 21 1 41 46 85 102 133 137 151 166 254 271 493 617 659 667 717 745 861 1144 1384 1439 1618 1825 1957 2196 2505 2701 2758
2843 28 24 1 3 35 85 143 250 262 424 454 496 653 707 770 801 1180 1213 1312 1319 1329 1577 1631 1643 1735 1902 2026 2300 2352 2750
2851 29 23 1 41 175 222 303 333 347 378 406 409 558 574 628 716 826 904 917 932 1074 1089 1139 1157 1843 1847 2200 2221 2302 2818 2850
2857 29 22 1 20 39 126 206 227 257 259 284 482 546 983 1055 1126 1171 1231 1285 1294 1321 1594 1624 1646 1667 1712 1939 2097 2192 2279 2526
2861 29 23 1 24 49 94 193 308 320 379 420 431 452 455 640 729 970 1000 1180 1315 1325 1575 1640 1684 1789 1803 1848 2336 2343 2403 2855
2879 29 20 1 5 44 49 72 139 163 220 255 262 316 462 476 478 492 503 528 605 824 1134 1150 1264 1633 1649 1659 1957 2284 2593 2824
2887 29 23 1 11 13 57 156 171 213 296 333 363 540 608 705 739 1063 1296 1392 1422 1538 1568 1595 1786 1842 1868 1976 1980 2467 2793 2834
2897 29 21 1 26 29 46 168 174 206 223 287 322 330 508 602 711 824 894 958 1021 1257 1272 1319 1389 1418 1584 1923 2026 2038 2314 2525
2903 29 22 1 9 38 57 89 313 330 367 376 466 579 665 711 790 805 985 1001 1080 1231 1246 1429 1725 1909 1931 1966 2390 2636 2733 2783
2909 29 22 1 4 59 101 140 179 268 281 338 431 471 521 540 542 968 1032 1045 1145 1288 1307 1355 1511 1591 1729 2104 2229 2369 2454 2779
2917 29 23 1 41 315 342 412 465 470 472 485 529 568 569 721 892 898 1004 1082 1440 1634 1657 1771 1875 1916 1994 2019 2110 2265 2460 2769
2927 29 24 1 5 71 79 119 161 349 619 672 1038 1058 1128 1217 1488 1587 1612 1820 1833 1847 2097 2225 2408 2520 2619 2672 2789 2872 2909 2911
2939 29 22 1 13 35 65 90 104 108 115 125 283 370 421 495 742 964 1095 1149 1156 1688 1691 1923 2171 2307 2342 2374 2496 2573 2820 2930
2953 29 23 1 98 246 261 361 450 490 503 748 823 830 955 1022 1038 1165 1207 1474 1499 1935 1995 2122 2264 2273 2288 2294 2326 2327 2640 2876
2957 29 22 1 14 18 318 347 403 411 421 466 632 836 859 951 966 973 1020 1104 1216 1260 1263 1339 1601 1753 1937 2050 2075 2259 2400 2678
2963 29 23 1 34 66 72 85 87 89 139 196 272 328 421 605 634 866 1155 1427 1572 1755 1890 2059 2066 2109 2286 2318 2602 2644 2689 2939
2969 29 23 1 4 8 54 71 100 202 292 301 390 629 654 692 902 1160 1174 1253 1309 1602 1673 1693 1708 1730 2024 2042 2165 2476 2650 2857
2971 29 24 1 56 65 87 94 308 370 404 540 741 757 798 939 1058 1078 1405 1605 1712 1755 2125 2133 2255 2333 2372 2535 2555 2596 2923 2927
2999 29 23 1 22 25 141 190 194 244 271 316 354 368 415 438 826 897 1202 1583 1702 1794 1840 1848 1961 2099 2295 2371 2383 2613 2615 2990
3001 29 24 1 23 55 123 181 200 204 308 577 586 636 644 720 742 967 974 1323 1672 1778 1784 1936 1954 2128 2278 2555 2599 2630 2709 2760
3011 29 24 1 52 53 91 196 266 456 462 580 724 812 861 871 901 1347 1397 1620 1694 1789 1830 1873 2066 2340 2398 2725 2756 2948 2959 3008
3019 29 23 1 5 63 71 112 166 277 299 350 356 479 647 659 673 680 823 1165 1426 1747 1818 1883 2069 2100 2152 2263 2326 2357 2648 2882
3023 29 22 1 114 118 165 223 252 338 443 507 510 552 683 746 751 920 1046 1337 1560 1613 1649 1670 1895 1951 2011 2733 2866 2923 2925 2928
3037 29 22 1 39 44 54 57 138 265 304 417 499 601 622 644 858 913 936 1037 1103 1288 1343 1779 1932 2015 2021 2023 2133 2298 2414 2630
3041 29 24 1 4 141 190 239 255 316 329 368 434 452 881 908 1066 1088 1392 1418 1447 1700 1736 1831 1926 2004 2160 2228 2474 2573 2819 2894
3049 29 24 1 42 52 73 172 330 456 600 617 653 662 803 931 935 955 1501 1588 1624 1711 1862 1878 2030 2048 2157 2294 2510 2565 2591 3031
3061 29 24 1 27 64 126 155 201 365 455 555 679 944 1034 1129 1326 1333 1400 1504 1506 1773 1833 1904 1955 2124 2142 2461 2543 2602 2839 2846
3067 29 23 1 18 31 135 216 373 375 465 484 926 962 1068 1100 1316 1586 1662 1680 1788 1942 2079 2091 2101 2147 2184 2288 2363 2809 2834 2892
3079 29 25 1 74 80 130 284 345 350 381 471 800 1000 1015 1121 1139 1545 1580 1602 1708 1992 2003 2402 2418 2505 2560 2612 2675 2835 3054 3060
3083 29 23 1 23 26 54 103 188 279 350 416 429 830 1184 1253 1315 1319 1423 1470 1591 1708 1811 1818 2408 2489 2509 2531 2698 2738 2740 3071
3089 29 24 1 3 59 75 194 231 256 434 450 635 764 769 854 1051 1106 1220 1347 1374 1433 1438 1599 1621 1848 1900 2446 2457 2636 2820 2949
3109 29 23 1 4 13 24 52 216 308 316 339 426 494 527 549 732 749 795 975 1127 1350 1355 1482 1609 2229 2264 2487 2632 2864 2904 3072
3119 30 22 1 8 74 89 302 372 373 384 468 551 595 702 806 906 944 965 1007 1192 1311 1333 1358 1400 1484 1532 1535 1637 1645 1671 2064 2662
3121 29 24 1 7 93 141 186 507 517 527 666 677 1357 1403 1499 1512 1586 1922 1990 2158 2361 2455 2460 2518 2561 2578 2662 2669 2698 2799 2990
3137 29 23 1 27 60 212 302 377 379 380 408 503 598 792 812 969 1060 1069 1071 1133 1284 1324 1364 1494 1778 2147 2267 2291 2680 2717 2892
3163 30 22 1 9 15 45 100 174 179 268 515 615 662 716 814 849 1199 1210 1424 1482 1549 1569 1572 1800 1936 2222 2387 2465 2730 2760 3046 3151
3167 30 24 1 17 26 75 114 121 126 221 364 368 391 550 591 647 713 1302 1575 2005 2044 2197 2203 2227 2251 2426 2440 2502 2516 2584 2774 3074
3169 30 24 1 67 98 165 201 210 285 288 426 602 608 609 622 643 770 784 865 890 928 1067 1152 1499 1680 2021 2054 2127 2425 2573 2638 3003
3181 30 24 1 79 110 145 146 169 217 230 343 459 691 701 885 956 1198 1229 1240 1332 1341 1558 1612 1935 1964 2265 2294 2404 2413 2769 2889 2895
3187 30 22 1 6 7 81 144 174 554 586 636 639 663 881 968 976 1121 1202 1427 1775 2170 2318 2367 2552 2598 2610 2723 2906 2945 3009 3073 3076
3191 30 25 1 46 108 318 322 411 441 524 595 661 775 837 1089 1119 1227 1345 1414 1588 1607 1609 1699 1718 1850 2031 2075 2252 2342 2718 3151 3182
3203 30 25 1 7 29 120 157 278 336 407 548 681 726 779 805 874 891 1274 1384 1592 1748 1787 1789 1799 1871 1934 2228 2257 2429 2742 2871 3155
3209 30 23 1 30 92 101 143 228 254 264 347 505 529 560 716 751 788 969 976 1056 1075 1259 1306 1630 1738 1894 2182 2258 2427 2497 2501 2790
3217 30 23 1 24 26 76 101 113 167 191 250 300 467 573 640 683 705 902 1167 1334 1367 1398 1436 1491 1563 1917 2058 2104 2345 3023 3090 3215
3221 30 24 1 6 56 252 336 357 411 495 497 595 762 799 956 968 1012 1149 1281 1320 1348 1468 1796 1828 2058 2400 2562 2663 2915 2998 3049 3112
3229 30 24 1 6 33 83 192 253 264 629 664 685 720 725 758 801 832 858 1012 1173 1716 1827 1930 1945 2167 2226 2255 2289 2385 2733 2743 3045
3251 30 25 1 18 53 67 150 165 190 307 364 417 487 490 593 668 965 1110 1278 1338 1340 1349 1431 1648 1787 1809 1846 1857 2142 2435 2667 3006
3253 30 25 1 20 59 64 66 74 108 237 388 695 731 876 1076 1288 1785 1887 1961 2070 2086 2196 2217 2296 2449 2490 2494 2504 2591 2807 3069 3191
3257 30 24 1 31 67 134 211 322 333 342 490 511 542 577 980 996 1279 1353 1467 1477 1549 1552 1593 1775 1874 2026 2136 2162 2259 2386 2441 2635
3259 30 24 1 19 45 61 92 101 130 310 353 416 509 564 652 794 882 933 1261 1281 1314 1433 1560 1574 1785 1810 2012 2190 2198 2865 2908 2985
3271 30 25 1 6 26 114 236 287 350 388 453 459 531 541 698 778 956 994 1222 1297 1351 1380 1556 1560 1788 1846 2320 2431 2456 2874 3136 3172
3299 30 22 1 97 138 151 161 165 207 322 535 540 621 684 693 697 866 940 1161 1328 1372 1676 1688 1778 1801 1885 2578 2653 2670 2710 2875 3262
3301 31 23 1 84 128 242 292 301 357 447 448 459 462 729 1344 1443 1561 1586 1872 2013 2257 2291 2303 2387 2410 2425 2575 2736 2777 2893 2919 2986 2992
3307 31 22 1 38 40 59 100 177 203 276 372 552 647 739 800 868 914 958 1030 1065 1068 1201 1437 1443 2239 2348 2425 2427 2431 2644 2678 2822 2926
3313 31 23 1 13 89 113 125 323 364 525 553 809 834 838 1332 1521 1583 1709 2102 2178 2185 2310 2354 2371 2622 2634 2637 2669 2720 2900 3169 3255 3274
3319 31 23 1 13 42 72 94 153 232 238 274 458 745 819 948 1182 1372 1434 1484 1610 1612 1636 1858 2079 2133 2179 2196 2240 2482 2598 2788 3093 3242
3323 31 23 1 4 21 68 76 175 257 345 404 405 426 521 567 910 1249 1278 1537 1733 1944 2333 2401 2406 2413 2512 2713 2763 2848 3172 3181 3215 3243
3329 31 23 1 16 18 36 61 82 84 105 139 181 251 312 313 355 477 854 858 1142 1180 1342 1440 1443 1579 2441 2730 2755 2771 2909 2914 3088 3179
3331 31 24 1 14 71 121 166 200 217 243 258 328 365 674 864 963 1229 1281 1697 1894 1952 2030 2222 2305 2362 2367 2463 2576 2615 2816 3050 3118 3310
3343 31 24 1 8 21 89 120 180 253 405 609 634 845 981 1101 1211 1272 1377 1381 1406 1492 1519 1581 1746 1907 1909 1995 2063 2099 2813 3032 3206 3248
3347 31 21 1 9 33 78 119 132 191 519 542 610 661 802 995 1090 1100 1166 1376 1799 1816 1842 2111 2230 2433 2449 2553 2601 2792 2903 2998 3177 3220
3359 31 23 1 26 128 191 283 286 311 482 506 550 552 791 800 881 966 1130 1334 1338 1355 1467 1495 1638 1833 1849 1910 2194 2625 2723 2759 3302 3319
3361 31 24 1 2 8 51 97 202 283 303 371 453 592 762 942 943 1247 1446 1745 2007 2162 2502 2549 2669 2684 2693 2709 2721 2913 2932 3031 3078 3246
3371 31 24 1 61 151 305 334 371 535 589 619 816 961 975 1079 1176 1202 1209 1256 1454 1756 2158 2219 2220 2244 2352 2357 2531 2742 2775 2926 3153 3293
3373 31 23 1 22 57 83 140 168 170 191 319 422 466 717 882 980 1019 1124 1160 1163 1475 1640 1718 1876 1983 1987 2195 2284 2457 2522 2884 2898 2959
3389 31 24 1 10 163 236 274 355 408 583 681 686 690 697 749 830 905 1476 1622 1637 1663 2022 2104 2155 2198 2212 2242 2303 2393 2563 3014 3288 3326
3391 31 22 1 8 125 271 374 378 524 562 606 786 1009 1021 1032 1256 1311 1331 1343 1513 1695 1821 1899 1996 2382 2410 2418 2535 2722 2911 2994 3047 3231
3407 31 25 1 51 151 161 266 404 501 523 546 552 665 692 884 1026 1094 1154 1473 1487 1932 2010 2134 2136 2207 2208 2239 2390 2538 2564 2998 3191 3318
3413 31 25 1 83 89 144 160 403 479 600 607 619 968 1088 1111 1271 1285 1531 1610 1664 1733 2336 2426 2440 2591 2709 2747 2796 3001 3026 3047 3063 3136
3433 31 24 1 13 21 35 88 143 181 352 370 550 862 895 1232 1426 1522 1801 1862 1898 2015 2270 2341 2381 2423 2476 2571 2582 2706 2981 2982 3030 3067
3449 31 26 1 13 44 128 169 186 201 226 299 460 488 559 589 636 665 871 961 1089 1396 1451 1561 1736 1974 2135 2329 2505 2556 2638 2784 2897 3398
3457 31 24 1 28 57 76 147 232 270 356 405 435 516 659 791 1349 1356 1481 1804 1820 1863 1925 2330 2648 2721 2749 2759 2822 2946 3226 3317 3322 3446
3461 31 24 1 58 61 143 167 234 236 256 404 438 838 856 901 1021 1058 1133 1335 1462 1472 1669 1706 1905 1918 1948 2290 2404 2419 2490 2887 3027 3239
3463 31 24 1 112 267 324 376 436 440 447 471 496 508 550 648 915 1074 1339 1636 1653 1743 1748 1840 1929 2149 2293 2325 2384 2420 2466 2964 3251 3357
3467 31 25 1 34 62 103 119 139 294 308 402 623 799 977 1237 1364 1367 1690 1838 1962 1991 2118 2346 2399 2481 2531 2649 2809 2925 3106 3414 3436 3437
3469 31 25 1 96 157 226 262 328 353 363 400 601 649 1015 1040 1092 1128 1159 1233 1235 1290 1374 1777 2327 2609 2617 2734 2773 3013 3119 3259 3265 3302
3491 31 25 1 119 198 223 245 345 354 513 807 1076 1197 1247 1309 1442 1448 1508 1511 1596 1695 1840 1853 1982 1992 2299 2315 2480 2751 2854 3023 3276 3329
3499 31 25 1 6 38 111 291 505 655 723 778 788 813 919 1065 1185 1253 1267 1327 1472 1524 1670 1822 2143 2163 2166 2525 2662 2796 3027 3112 3257 3259
3511 31 26 1 75 91 96 103 236 294 331 346 417 702 759 782 801 884 959 976 1269 1782 2101 2290 2348 2407 2455 2461 2495 2606 2697 2743 3240 3361
3517 31 24 1 11 49 83 176 205 342 513 604 699 719 750 860 863 1103 1105 1193 1279 1314 1706 1893 2182 2210 2311 2470 2744 2804 2893 3053 3114 3263
3527 31 23 1 32 66 83 205 287 299 342 440 477 578 627 634 648 746 873 995 1212 1293 1635 1941 2129 2156 2255 2633 2639 2642 2669 3039 3214 3346
3529 31 26 1 126 132 185 272 329 341 564 607 653 663 760 1072 1666 1749 2113 2156 2292 2327 2342 2543 2654 2783 2805 2909 2932 2971 3031 3036 3178 3369
3533 31 25 1 9 11 64 134 157 176 246 481 489 582 784 923 1371 1389 1571 1611 1834 1840 2133 2150 2233 2236 2321 2534 2628 2718 2743 3037 3337 3467
3539 31 25 1 125 158 170 316 370 510 539 646 798 834 847 849 1078 1166 1406 1468 1552 1880 2013 2198 2320 2910 2927 2956 2990 3041 3168 3412 3439 3516
3541 31 26 1 8 13 100 138 253 272 329 399 409 468 596 1118 1189 1226 1313 1546 1759 1762 1996 2017 2164 2202 2357 2556 2620 2799 2941 2980 3241 3244
3547 31 25 1 7 17 25 130 179 307 310 470 643 720 740 853 1124 1313 1513 1738 1749 1788 2068 2096 2238 2385 2526 2546 2547 2587 2695 2773 3351 3454
3557 31 25 1 25 78 100 108 127 182 245 309 417 550 556 753 762 773 790 1028 1115 1117 1165 1571 1748 1794 1823 2008 2346 2592 2660 2836 3414 3470
3559 31 25 1 6 15 89 137 349 389 452 563 581 611 619 675 826 963 1222 1283 1387 1397 1455 1504 1574 1654 1975 2540 2583 2845 3152 3220 3246 3530
3571 31 26 1 6 95 130 255 300 356 503 536 563 654 681 887 916 945 1126 1420 1576 1649 1691 1850 1858 2054 2055 2161 2305 2492 2804 2878 2944 3400
3581 31 24 1 17 21 46 83 196 255 610 651 721 739 748 763 840 908 1208 1213 1221 1406 1573 1574 1629 1667 1854 2044 2649 2834 2945 3142 3451 3461
3583 31 26 1 15 16 93 111 132 137 150 353 382 668 778 820 875 977 1256 1641 1898 1959 1966 2011 2239 2456 2627 2851 2878 3028 3040 3129 3346 3420
3593 31 24 1 70 164 179 224 281 369 394 623 771 857 871 989 993 1214 1385 1431 1520 1755 1822 1918 2152 2162 2164 2173 2509 2599 3015 3121 3123 3144
3607 31 24 1 58 68 146 212 220 241 260 284 532 650 675 682 840 1028 1064 1185 1413 1490 1518 1542 1598 1625 1971 2438 2482 2513 2701 2901 3028 3467
3613 31 26 1 9 62 183 208 256 374 433 487 583 595 626 743 840 902 992 1467 1518 1715 1757 1999 2069 2141 2163 2346 2436 2731 3106 3175 3302 3553
3617 32 24 1 30 75 109 112 134 155 257 296 323 343 417 486 699 1025 1120 1201 1372 1618 1762 1858 2160 2171 2351 2424 2460 2619 2826 2831 2929 3184 3205
3623 32 24 1 5 57 122 164 241 247 256 452 483 497 550 599 969 1161 1163 1196 1383 1560 1586 2133 2218 2410 2423 2463 2578 2788 2843 2874 2985 3153 3307
3631 32 25 1 96 145 286 297 326 340 342 400 731 760 777 862 925 1028 1065 1094 1322 1395 1412 1752 1880 2217 2239 2905 2968 3015 3029 3211 3320 3559 3621
3637 32 25 1 2 9 37 40 93 98 268 294 541 544 1047 1319 1418 1528 1545 1720 1736 1766 2088 2374 2375 2494 2495 2534 2845 2894 2931 2993 3123 3360 3456
3643 32 25 1 41 112 196 204 269 292 591 609 692 775 793 928 944 972 1181 1188 1519 1564 1585 1718 1845 1963 2028 2601 2691 2859 2873 3059 3141 3251 3558
3659 32 25 1 9 24 41 254 308 348 436 458 460 485 571 719 749 758 797 803 823 857 1304 1616 1624 2279 2326 2487 2490 2533 2606 2702 2760 2956 3018
3671 32 25 1 36 51 134 196 310 311 497 516 1180 1233 1334 1354 1373 1466 1685 1728 2040 2288 2408 2418 2436 2559 2612 2688 2717 2966 3018 3107 3118 3374 3378
3673 32 25 1 8 23 54 81 140 169 655 665 727 784 931 1058 1183 1305 1552 1616 1950 2338 2395 2398 2474 2616 2670 2728 2744 2825 3154 3200 3278 3326 3585
3677 32 25 1 41 66 133 162 232 487 620 644 712 768 916 1000 1007 1312 1375 1814 1824 1828 2101 2189 2323 2411 2612 2660 2758 2862 2921 3221 3311 3315 3335
3691 32 25 1 5 40 96 151 170 275 298 301 379 475 665 838 842 1043 1377 1593 1639 1824 1885 1938 2037 2336 2559 2919 2925 2943 2990 3037 3235 3418 3439
3697 32 25 1 75 88 210 300 441 463 519 737 848 871 1327 1337 1528 1598 1800 2101 2142 2165 2220 2231 2238 2310 2350 2463 2470 2752 2807 2808 2872 2983 3191
3701 32 24 1 10 30 113 214 226 253 271 525 721 832 939 947 986 1000 1012 1577 1611 1691 1796 2139 2205 2334 2481 2513 2634 2638 2648 2653 2835 2926 3340
3709 32 23 1 3 31 119 128 175 193 338 459 476 510 608 742 754 812 823 1131 1375 1396 1622 1848 1899 1926 1934 2018 2040 2733 2853 3169 3340 3367 3389
3719 32 25 1 15 73 83 115 255 399 425 677 707 763 933 957 1186 1238 1256 1556 1589 1702 1706 1715 1751 1780 1842 1846 1919 2117 2344 2458 2705 3080 3279
3727 32 24 1 16 91 105 143 158 189 561 645 731 736 803 961 1145 1252 1277 1293 1470 1509 1632 2041 2053 2159 2242 2262 2342 2372 2468 2700 2849 3295 3425
3733 32 26 1 38 45 85 91 184 227 245 252 326 375 605 669 902 966 1175 1202 1616 1634 1655 1888 2317 2462 2549 2670 2860 2925 3279 3443 3465 3601 3693
3739 32 25 1 38 73 131 186 206 273 333 552 567 637 730 813 834 919 923 1042 1104 1286 1295 1626 1810 1869 1894 2217 2305 2315 2751 2961 3025 3143 3462
3761 32 24 1 12 125 127 135 144 178 201 254 436 470 518 539 655 854 1032 1086 1120 1269 1328 1747 1767 1822 1851 2378 2486 2568 2706 3009 3036 3198 3403
3767 32 26 1 130 238 255 305 403 482 488 503 516 728 855 1228 1247 1277 1301 1335 1402 1428 1861 1913 2046 2287 2362 2423 2492 2697 3547 3548 3606 3664 3751
3769 32 26 1 14 77 83 171 398 430 455 495 743 746 789 791 927 932 1317 1318 1457 1494 1876 1989 2051 2442 2492 2592 2619 3042 3083 3084 3093 3534 3685
3779 32 25 1 23 36 327 352 366 381 495 750 810 839 898 1252 1452 1509 1721 1893 1898 2121 2139 2145 2425 2477 2536 2549 2635 2690 2830 2999 3011 3083 3453
3793 32 24 1 33 113 148 269 306 335 367 438 860 862 878 987 997 1249 1332 1425 1499 1500 1683 1785 1807 1893 1949 2132 2329 2346 2374 2586 2833 2986 3632
3797 32 27 1 5 64 258 516 597 664 709 724 815 944 1039 1185 1345 1357 1365 1492 1608 2240 2347 2499 2566 2664 2780 2872 2951 3487 3512 3534 3597 3705 3716
3803 32 24 1 56 102 200 286 322 347 364 473 694 981 1086 1257 1260 1276 1342 1435 1893 1920 2285 2312 2347 2362 2536 2843 2902 2920 2971 2974 3305 3444 3471
3821 32 27 1 18 26 321 322 462 502 1077 1116 1539 1583 1656 1663 1793 1909 1967 1980 2033 2064 2274 2725 2854 2893 2900 3084 3119 3173 3205 3319 3404 3635 3696
3823 32 28 1 35 60 150 207 228 242 431 584 936 1043 1170 1237 1868 2042 2108 2379 2478 2594 2597 2635 2687 2690 2766 2935 2995 3026 3140 3220 3753 3773 3802
3833 32 26 1 20 158 182 195 419 458 543 571 637 679 840 1072 1154 1301 1349 1444 1483 1509 1679 1747 1773 1975 2159 2199 2898 2906 2958 2970 3173 3213 3331
3847 32 26 1 2 47 62 77 253 288 306 443 447 487 518 551 572 1036 1509 1545 1598 1805 1816 1900 1962 2274 2507 2576 2623 3009 3082 3199 3297 3414 3699
3851 32 27 1 28 54 121 189 339 342 391 449 564 643 885 993 1023 1482 1486 1604 1682 1687 1890 1920 2006 2331 2385 2387 2663 2841 3159 3334 3642 3747 3753
3853 32 27 1 11 248 273 386 394 418 515 561 566 924 997 1021 1214 1292 1374 1760 2011 2083 2134 2291 2456 2536 2721 2855 2879 3075 3329 3461 3745 3762 3810
3863 33 25 1 61 162 175 215 264 275 340 857 1043 1444 1507 1568 1572 1656 1683 1776 1877 1896 2097 2528 2579 2595 2753 2939 2989 3198 3200 3211 3473 3515 3565 368
3877 33 24 1 2 65 123 168 216 229 307 354 485 489 523 578 792 854 924 1194 1344 1512 1605 1689 1752 1897 2183 2400 2491 2935 3007 3047 3119 3135 3460 3717
3881 33 25 1 4 18 23 39 73 91 178 253 267 764 902 950 956 1357 1377 1606 2133 2203 2493 2611 2717 2735 2857 2869 3100 3160 3261 3299 3322 3448 3673 3731
3889 33 25 1 55 129 168 258 346 392 518 615 621 653 889 917 999 1339 1360 1975 2180 2249 2293 2322 2399 2470 2507 2511 2594 2704 2804 2883 2940 3277 3551 3558
3907 33 25 1 13 27 35 168 252 280 338 360 441 679 689 696 772 1113 1165 1359 1742 1743 1898 2180 2381 2400 2659 2695 2723 2895 3015 3184 3359 3391 3704 3764
 3911 33 26 1 27 35 41 56 63 176 181 246 319 367 485 495 663 701 752 1075 1331 1410 1550 1668 1700 1702 2198 2570 2920 3022 3048 3170 3601 3613 3657 3805
3917 33 25 1 5 49 56 114 145 154 456 468 641 669 708 783 849 920 1094 1142 1266 1438 1576 2042 2098 2121 2238 2672 2860 2874 2922 2932 3317 3354 3560 3644
3919 33 25 1 38 73 102 117 263 264 434 553 591 617 704 878 906 968 976 1236 1441 1451 1618 1762 1934 2167 2192 2472 2895 3110 3177 3269 3291 3404 3855 3884
3923 33 25 1 47 94 150 194 219 279 305 326 337 389 506 1217 1242 1408 1491 1505 1580 1706 1746 1799 2235 2289 2398 2400 2556 2558 2588 2615 3237 3277 3331 3797
3929 33 24 1 11 159 206 224 250 324 336 540 543 662 712 731 838 937 1020 1064 1088 1189 1340 1433 1504 1673 1789 2032 2155 2737 2739 2939 2948 3064 3183 3184
3931 33 26 1 139 174 214 223 308 394 581 593 734 778 899 1018 1039 1451 1483 1501 1525 1727 1803 2074 2669 2866 2914 2942 3119 3304 3322 3593 3621 3685 3726 3921
3943 33 26 1 4 8 38 53 234 236 250 266 517 529 827 838 899 927 983 1091 1742 1759 1919 2095 2118 2464 2617 2836 3003 3124 3202 3357 3371 3461 3880 3902
3947 33 27 1 10 11 36 109 179 379 401 452 624 655 720 872 1236 1368 1412 1565 1619 1620 1848 1893 1941 2553 2624 2935 2950 3262 3403 3519 3708 3829 3856 3924
3967 33 26 1 35 92 125 229 241 490 589 666 877 908 950 995 1132 1159 1173 1229 1577 1819 1857 2026 2202 2394 2397 2614 2832 2836 2874 2909 3096 3187 3821 3847
3989 33 27 1 26 27 87 122 143 304 699 967 994 1081 1304 1440 1506 1526 1539 1607 1803 2153 2159 2248 2455 2540 2568 2640 2717 3109 3151 3197 3700 3745 3777 3856
4001 33 26 1 18 109 168 180 371 430 551 693 713 753 1543 1568 1576 1717 1749 1754 1835 1876 2095 2341 2348 2405 2524 2708 2709 2963 3115 3123 3264 3523 3600 3616
4003 33 27 1 282 346 350 394 768 792 793 952 1002 1035 1207 1219 1309 1360 1451 1513 1608 1632 1709 1943 2178 2180 2587 2984 3060 3240 3253 3271 3410 3674 3764 3771
4007 33 27 1 65 196 438 523 715 771 772 842 1011 1019 1128 1625 1746 1790 1801 2020 2046 2056 2072 2197 2306 2316 2384 2386 2438 2867 2956 3122 3430 3528 3789 3985
4013 33 26 1 26 58 135 229 362 414 515 524 600 636 775 963 1069 1135 1323 1419 1427 1512 1525 1538 1645 1673 2618 2772 3094 3186 3221 3224 3283 3476 3869 3939
4019 33 26 1 38 96 134 175 228 265 309 337 435 466 525 635 1075 1265 1512 1522 1673 1850 2018 2045 2231 2364 2376 2799 2884 2943 2991 3005 3093 3219 3225 3456
4021 33 27 1 5 13 160 240 377 471 978 1240 1247 1308 1508 1711 1716 1799 1821 2116 2134 2594 2643 2737 2806 2899 3189 3234 3539 3554 3663 3673 3794 3855 3857 391
4027 33 27 1 4 26 41 240 267 309 502 528 557 660 1605 1662 1716 1729 1776 1941 1959 1980 2283 2322 2409 2581 2649 2762 2942 3111 3118 3432 3468 3852 3863 3938
4049 33 27 1 64 89 229 281 551 673 712 784 868 994 1074 1090 1131 1202 1245 1313 1422 1458 1794 1800 1957 1963 2124 2188 2203 2249 2649 2749 2779 2934 2984 3161
4051 33 27 1 88 173 178 310 459 466 649 652 691 750 1060 1068 1352 1434 1541 1941 1985 2017 2469 2481 2704 2810 3039 3042 3108 3154 3213 3375 3502 3708 3749 3963
4057 33 27 1 23 186 203 382 834 878 943 1191 1304 1353 1363 1365 1403 1421 1429 1442 1461 1650 1656 2048 2269 2271 2301 2328 2421 2512 2560 3376 3455 3579 3653 3922
4073 33 26 1 21 129 306 338 350 352 407 507 554 692 831 1008 1022 1146 1235 1456 2051 2073 2197 2590 2599 2699 3026 3032 3259 3264 3329 3416 3490 3564 3644 4062
4079 33 27 1 25 45 72 79 93 102 120 378 622 725 753 864 880 1334 1399 1401 1445 1463 2124 2244 2248 2436 2580 2641 3219 3262 3377 3545 3690 3807 3917 4026
4091 33 26 1 18 78 82 105 116 173 204 273 358 568 879 927 1122 1228 1266 1357 1366 1595 1609 1841 1871 1877 1921 2091 2209 2369 2734 2760 3105 3323 4026 4028
4093 33 27 1 11 117 224 240 242 285 420 441 480 1027 1327 1364 1418 1530 1555 1738 1967 1993 1998 2238 2253 2398 2448 2500 2648 2737 2889 3039 3174 3238 3521 3746
4099 33 29 1 50 91 401 844 1043 1054 1165 1229 1369 1430 1432 2052 2431 2621 2628 2653 2709 2790 2881 2885 2894 2927 3009 3023 3027 3110 3271 3349 3541 3569 3655 3990
4111 34 24 1 6 27 29 39 69 87 402 514 524 705 796 1002 1042 1063 1757 1801 1901 1982 2258 2475 2486 2526 2636 2640 2710 2872 3110 3123 3324 3534 3717 3848 3983
4127 34 25 1 5 63 78 161 188 198 361 418 573 892 1153 1472 1486 1499 1801 1918 1953 1991 1992 2220 2294 2343 2410 2479 2935 3009 3328 3373 3575 3732 3810 3909 3941
4129 34 26 1 22 34 244 249 371 449 462 500 556 711 987 1082 1158 1543 1594 2135 2302 2452 2456 2554 2912 2980 3125 3129 3305 3341 3359 3512 3526 3721 3789 3898 4111
4133 34 26 1 8 92 109 118 200 269 424 693 756 916 965 1125 1252 1263 1264 1321 1366 1794 1809 1897 1946 2071 2190 2192 2212 2254 2275 2428 2552 3361 3454 3483 4035
4139 34 26 1 19 53 177 185 228 373 401 503 534 633 677 867 1326 1354 1367 1380 1507 1568 1570 1632 1662 1939 2067 2163 2519 2638 3091 3324 3413 3431 3437 3943 3995
4153 34 25 1 63 70 77 90 310 311 314 319 354 373 439 467 654 665 816 913 988 1081 1328 1408 1442 1765 1860 1915 2323 2514 2811 2828 2887 2927 3259 3326 3887
4157 34 25 1 7 110 170 290 340 616 762 792 796 1143 1179 1215 1304 1367 1537 1683 1848 1878 1903 2004 2058 2201 2684 2691 2820 2846 3154 3564 3604 3621 3660 3807 3864
4159 34 26 1 3 79 126 179 390 444 509 512 527 572 733 794 884 1362 1368 1619 1721 1866 1909 2227 2478 2783 2784 2824 2833 2937 2982 3061 3104 3209 3259 3404 3823
4177 34 26 1 33 50 116 155 236 338 368 478 889 957 1594 1650 1661 1663 1708 1722 1852 1880 1881 1997 2037 2137 2349 2578 2782 3116 3176 3258 3372 3386 3535 3636 3648
4201 34 27 1 7 120 162 409 473 551 855 895 925 971 997 1157 1254 1613 1681 1692 1766 1848 2047 2049 2154 2691 2883 2901 2939 2945 3156 3170 3462 3464 3521 3605 3669
4211 34 27 1 32 119 217 275 311 462 668 747 769 888 899 1083 1246 1862 1870 1925 1989 2242 2287 2518 2580 2634 2875 2905 2950 2956 3012 3077 3358 3417 3534 3537 4054
4217 34 26 1 30 38 49 232 237 299 521 813 929 946 1149 1204 2032 2045 2229 2300 2482 2586 2674 2768 3003 3009 3094 3292 3298 3346 3620 3623 3732 3765 3865 4164 4207
4219 34 26 1 42 100 244 339 426 476 580 612 615 687 716 731 737 845 847 1136 1386 1612 1628 1679 1929 2069 2123 2365 2392 2496 2759 2824 2984 3644 3672 3691 397
4229 34 28 1 4 8 132 155 191 298 511 512 591 673 725 1045 1055 1136 1226 1227 1552 1615 1776 1911 1937 1955 1976 2431 2436 2514 2551 2993 3254 3511 3790 3929 4074
4231 34 27 1 24 50 132 171 334 425 526 557 675 715 815 1026 1141 1153 1155 1393 1420 1626 1667 1695 1795 1886 1927 2274 2306 2455 2544 2622 2728 3193 3352 3646 3823
4241 34 28 1 14 87 162 242 253 269 289 476 515 555 596 657 981 1089 1219 1356 1390 1405 1611 1819 1826 1830 2334 2521 2715 2976 2995 3190 3252 3354 4116 4144 4207
4243 34 27 1 18 45 134 217 248 270 316 323 440 453 504 880 980 1042 1148 1265 1428 1595 1865 2151 2438 2595 2601 2720 2764 2904 2959 3198 3583 3623 4067 4156 4164
4253 34 27 1 19 50 89 328 329 384 510 523 720 724 766 1069 1259 1451 1771 1857 1872 1921 2016 2148 2201 2526 2547 2993 3165 3278 3328 3355 3407 3447 3491 3508 3543
4259 34 27 1 58 62 93 118 122 249 286 296 451 764 794 959 1205 1229 1426 1576 1706 1873 1996 1997 2170 2230 2258 2362 2488 2507 2861 2937 3042 3954 4124 4206 4223
4261 34 27 1 28 41 172 258 294 338 339 428 604 620 687 690 882 994 1010 1215 1240 1375 1484 1648 1812 1851 1858 2262 2275 2436 2592 2772 2789 3583 3967 4129 4218
4271 34 27 1 42 56 120 131 189 195 343 399 421 562 767 878 958 1129 1645 1843 1993 2005 2008 2015 2059 2541 2550 2666 3018 3625 3670 3686 3816 3999 4007 4050 4121
4273 34 27 1 14 30 310 314 322 347 353 543 645 765 796 876 946 1052 1054 1130 1339 1478 1485 1679 2028 2153 2373 2498 2538 2670 2823 3090 3184 3278 3379 3806 4042
4283 34 28 1 15 32 37 56 90 406 414 455 656 1089 1166 1261 1322 1381 1604 1844 1874 2035 2129 2323 2518 2612 2893 3144 3181 3250 3536 3549 3557 3772 4037 4114 4134
4289 34 27 1 32 151 161 202 205 207 224 432 540 604 728 1044 1228 1452 1455 1666 1783 1863 1965 1968 1969 2286 2821 2953 3229 3307 3372 3383 3415 3472 3628 3688 4121
4297 34 26 1 32 42 104 105 142 153 311 456 666 758 799 1072 1331 1545 1590 1688 1732 1764 1947 2401 2424 2494 2496 2710 2906 2962 2981 3227 3243 3547 3617 3753 3894
4327 34 27 1 2 97 284 417 452 458 467 526 550 736 799 837 862 931 939 1113 1345 1352 1421 1498 1541 1770 2044 2121 2180 2444 2486 2812 2866 3750 4038 4245 4278
4337 34 27 1 32 99 236 289 470 502 834 874 954 1096 1110 1177 1235 1325 1555 1614 1646 1808 1846 2227 2338 2346 2362 2660 2687 2706 2852 3033 3141 3785 3829 3891 3911
4339 34 28 1 10 32 148 174 235 237 508 513 641 1166 1185 1257 1326 1386 1814 1821 1908 2054 2134 2233 2768 2916 2962 3391 3506 3577 3882 3928 3981 4003 4188 4285 4300
4349 34 29 1 21 135 209 300 302 472 497 509 657 944 953 1193 1510 1517 1572 1610 1747 2017 2025 2113 2143 2385 3002 3097 3153 3196 3260 3340 3346 3410 3665 4019 4095
4357 34 27 1 10 87 149 196 203 271 300 326 501 898 1049 1084 1261 1349 1362 1962 2014 2093 2124 2541 2889 2897 3081 3297 3317 3378 3487 3678 3684 3744 3823 3913 4142
4363 34 28 1 67 85 181 226 287 303 314 740 916 929 1054 1139 1469 1510 1577 1628 1709 1739 1837 1882 2058 2467 2500 2597 2602 2704 2944 2948 2959 3552 3799 3848 3872
4373 34 27 1 62 99 141 180 209 260 524 589 680 809 835 856 1059 1233 1533 1734 1809 1903 1909 1915 2119 2239 2255 2469 2531 2689 3325 3590 3776 3833 3863 3942 4292
4391 34 26 1 41 88 195 227 271 304 310 312 387 440 537 633 879 1001 1162 1260 1682 1890 2028 2224 2527 2540 2622 2633 2643 3141 3266 3510 3757 4071 4136 4160 4363
4397 34 27 1 4 36 143 180 207 396 481 555 677 745 799 820 941 975 1040 1234 1498 1546 1551 1595 1628 2054 2064 2112 2354 2441 2593 2727 3628 3713 3726 4164 4219
4409 34 28 1 41 48 65 71 195 245 343 370 379 529 682 865 921 992 1029 1075 1090 1191 1256 1396 1567 1847 2289 2639 2990 3059 3112 3332 3334 3848 4026 4044 4081
4421 34 27 1 25 247 276 414 426 447 483 502 598 696 786 1132 1848 1862 1894 2002 2468 2591 2597 2915 2952 3242 3293 3354 3450 3459 3586 3643 3741 4181 4184 4367 4376
4423 34 28 1 32 69 92 93 127 143 198 352 765 936 950 1009 1074 1156 1206 1407 1466 1637 1858 2242 2546 2564 2674 2805 2904 3153 3275 3696 3858 3982 4028 4077 4126
4441 34 28 1 42 44 96 294 318 675 876 946 1121 1204 1264 1297 1390 1401 1600 1618 1625 2076 2159 2268 2399 2447 2531 2643 2784 2950 3059 3086 3152 3427 3769 4160 4356
4447 35 27 1 4 21 80 263 618 654 677 780 1318 1334 1564 1700 1738 1874 2344 2542 2893 2915 2935 3021 3160 3264 3440 3684 3695 3718 3765 3968 4023 4106 4157 4173 4180 4336
4451 35 26 1 14 36 55 63 268 288 315 325 558 585 716 738 760 907 1026 1212 1224 1758 2282 2284 2661 2825 2843 3093 3119 3347 3474 3591 3690 3938 4130 4132 4133 4393
4457 35 27 1 72 144 432 590 592 685 701 799 851 885 1024 1027 1197 1277 1316 1365 1625 1757 1808 1838 2054 2127 2280 2878 3035 3297 3378 3546 3874 3924 3929 4093 4225 4337
4463 35 26 1 42 88 139 149 201 253 359 508 621 632 692 1018 1020 1149 1401 1407 1416 1527 1547 1703 1726 1746 1750 1927 1953 2219 3232 3323 3348 3418 3793 3922 4077 4199
4481 35 27 1 14 21 39 54 81 97 436 531 647 715 727 741 762 917 1696 1726 2001 2314 2576 2579 2759 2825 3012 3094 3176 3280 3322 3339 3382 3636 3661 3707 4023 4393
4483 35 27 1 25 41 53 126 181 323 391 519 570 684 740 764 787 818 866 1332 1391 1806 1857 2070 2243 2364 2381 2434 2531 2763 2935 3702 3762 3764 3894 4053 4192 4385
4493 35 27 1 9 82 171 188 242 243 301 378 428 439 535 701 703 1077 1149 1210 1284 1477 1629 1751 2321 2357 2507 2581 2735 2823 3094 3111 3157 3424 3733 4051 4248 4289
4507 35 27 1 84 121 157 252 293 330 477 526 637 783 837 940 944 1381 1492 1516 1569 1659 2006 2228 2314 2336 2764 2832 3273 3296 3315 3572 3605 3669 3676 3734 3806 3808
4513 35 27 1 7 16 102 149 226 288 346 383 558 588 595 643 695 795 907 920 1160 1270 1292 1644 1683 1782 2121 3048 3106 3191 3256 3261 3340 3435 3462 3572 3718 3868
4517 35 28 1 20 22 78 336 378 682 877 933 1043 1184 1345 1589 1590 1901 1965 1974 2102 2231 2240 2306 2318 2344 2500 2511 2654 2715 2826 2834 3175 3181 3401 3522 3703 3803
4519 35 27 1 9 10 13 40 57 114 199 261 316 416 485 578 623 824 1120 1153 1741 1864 2182 2393 2440 2502 2854 2906 2988 3226 3353 3390 3496 3504 3757 3890 4194 4278
4523 35 27 1 26 37 47 88 190 297 309 683 758 874 1246 1265 1748 1827 1906 1928 2007 2057 2187 2277 2279 2385 2440 2704 2754 2820 2879 2896 2909 3223 3522 3535 3969 4376
4547 35 28 1 27 46 95 200 248 315 338 488 497 729 1144 1352 1372 1384 1427 1609 1872 2409 2468 2518 2744 2796 2944 2948 3154 3467 3637 3867 3885 4057 4204 4236 4244 4445
4549 35 28 1 90 97 111 146 299 316 560 653 799 833 964 1144 1183 1226 1427 1429 1932 1993 2213 2320 2331 2371 2409 2487 2685 2818 2871 2906 3043 3326 3730 3902 4021 4546
4561 35 27 1 36 40 83 157 164 558 606 616 716 740 860 972 1458 1662 1696 1708 1848 1973 2002 2078 2088 2460 2796 2962 3128 3132 3195 3328 4044 4072 4101 4281 4484 4541
4567 35 30 1 36 77 87 110 121 170 347 579 958 976 978 1066 1241 1278 1450 1459 1702 1763 1766 1890 2009 2017 2167 2506 2535 2585 2651 3269 3312 3321 3810 3994 4021 4249
4583 35 27 1 56 63 107 109 303 731 1455 1633 1687 1867 1909 2044 2108 2118 2362 2530 2547 2586 2726 2728 2801 2941 3117 3307 3673 3744 3777 3911 4038 4138 4353 4413 4434 4497
4591 35 28 1 27 47 53 124 198 264 356 386 664 696 716 886 998 1238 1612 1614 1645 1903 2148 2177 2215 2458 2955 3313 3410 3441 3640 4080 4131 4155 4225 4294 4421 4423
4597 35 28 1 43 211 226 232 356 533 606 694 747 873 894 1813 2116 2130 2601 2611 2856 3016 3033 3292 3415 3463 3671 3676 3853 3882 3987 3990 3992 4026 4048 4201 4267 4456
4603 35 28 1 106 131 152 233 240 331 382 394 656 747 805 874 1026 1144 1209 1355 1459 1465 1530 1895 1922 1932 1942 2386 2494 2706 2766 2774 2851 3078 3230 3243 3588 3749
4621 35 28 1 115 233 318 320 346 425 583 653 712 715 832 924 1092 1094 1207 1619 1848 1858 2003 2281 2318 2320 2437 2458 2613 2681 2696 2802 3619 3757 3775 3844 3853 4601
4637 35 28 1 70 86 288 402 532 563 587 742 816 1026 1097 1176 1403 1439 1888 2230 2336 2366 2524 3025 3093 3098 3153 3165 3177 3393 3731 3791 3902 3920 4078 4203 4211 4310
4639 35 27 1 157 173 186 398 410 423 572 649 725 733 875 1053 1452 1507 1515 1841 2027 2030 2056 2136 2172 2194 2414 3028 3084 3199 3230 3247 3316 3371 3898 3911 3999 4054
4643 35 28 1 27 135 137 216 313 417 424 498 649 799 875 1234 1251 1467 1549 1857 1899 1978 2386 2495 2724 2770 2797 2817 2863 2879 3037 3216 3652 3690 3836 3924 4494 4607
4649 35 28 1 9 26 92 275 572 727 801 860 893 969 1025 1283 1602 1612 1855 2038 2283 2535 2614 2761 2821 2832 2932 2959 2994 3007 3071 3210 3310 3552 3730 3771 4358 4625
4651 35 28 1 5 60 67 230 473 788 1259 1299 1375 1377 1420 1534 1972 1982 2010 2026 2240 2243 2585 3025 3061 3100 3131 3199 3255 3333 3650 3916 4215 4272 4326 4336 4451 4626
4657 35 28 1 65 302 331 454 532 703 728 768 778 795 1324 1442 1514 1637 1706 2179 2312 2633 2719 2721 2978 3136 3143 3151 3272 3305 3426 3634 3658 3856 4001 4050 4127 4235
4663 35 29 1 53 85 113 265 269 283 324 546 566 613 994 1033 1366 1506 1606 1788 1901 1904 2088 2137 2390 2527 2540 2659 3082 3132 3332 3398 3473 3606 3686 3720 3969 4084
4673 35 29 1 65 103 268 274 331 382 398 861 1049 1129 1251 1735 1948 2004 2016 2063 2078 2117 2146 2170 2202 2430 2437 2448 2629 3060 3079 3215 3237 3275 3469 3705 3909 4065
4679 35 29 1 37 60 94 133 165 215 347 375 549 643 1133 1288 1412 1874 2089 2546 2563 2619 2802 2834 2935 3009 3136 3490 3505 3603 3627 3829 4006 4386 4391 4544 4631 4653
4691 35 28 1 107 110 121 196 304 343 369 447 551 980 1011 1076 1190 1199 1257 1265 1608 1754 1837 2003 2168 2568 2756 2772 2776 2781 2946 3532 3534 3987 4013 4049 4214 4411
4703 35 28 1 142 242 280 346 385 519 533 541 1139 1160 1191 1220 1241 1318 1351 1441 1452 1512 1756 2045 2049 2171 2309 2374 2444 2498 2506 2679 3157 3787 3914 4353 4442 4624
4721 35 29 1 22 25 36 160 167 277 323 392 449 650 699 709 734 847 1032 1492 1663 1963 2252 2296 2480 2660 2703 2798 3004 3538 3606 3729 3742 3903 3920 3963 4208 4451
4723 35 29 1 9 27 185 221 330 340 392 571 657 667 729 939 1426 1651 1867 1952 1962 1993 2147 2367 2387 2457 2459 2589 2836 3691 3697 3902 3906 3975 4093 4098 4176 4204
4729 35 30 1 75 190 356 445 490 543 575 655 1157 1182 1198 1337 1440 1539 1788 1922 1979 2170 2182 2426 2440 2616 2937 2954 3119 3317 3399 3603 4039 4072 4170 4326 4458 4650
4733 35 28 1 12 144 149 188 294 645 720 864 1067 1126 1430 1431 1443 1731 1836 2156 2220 2356 2660 2675 2698 2721 2855 3355 3363 3558 3657 3755 3824 3986 4184 4336 4399 4415
4751 35 29 1 95 182 533 543 725 794 803 822 864 1094 1194 1333 1895 1910 2024 2042 2067 2071 2297 2416 2418 2436 2668 2846 2871 3406 3461 3466 3937 4194 4429 4535 4562 4687
4759 35 29 1 4 106 144 316 453 480 531 577 588 627 645 678 805 1235 1275 1299 1366 1461 1872 1921 2163 2366 3162 3168 3183 3278 3429 3594 3641 3688 3983 4399 4414 4599
4783 36 27 1 32 122 124 132 170 281 324 512 683 970 1321 1375 1402 1461 1619 1761 1847 2016 2174 2310 2364 2391 2576 2603 2791 3145 3275 3569 3841 3961 4109 4112 4304 4605 4623
4787 36 27 1 87 101 119 235 255 385 407 502 506 627 784 953 965 966 968 1034 1108 1351 1442 1592 1625 1695 1799 1944 2024 2293 2326 2353 2377 2731 2747 3218 3441 3757 3841
4789 36 27 1 7 59 141 322 360 363 476 547 560 1117 1131 1245 1316 1330 1350 1367 1448 1558 1824 2095 2380 2937 3037 3113 3123 3275 3648 4003 4130 4195 4237 4318 4338 4750 4788
4793 36 28 1 34 55 76 95 140 166 229 306 423 628 757 1051 1082 1268 1405 1540 1620 1668 1686 1697 1775 1822 2039 2074 2118 2162 2243 2697 3054 3092 3492 3686 3724 3975 4446
4799 36 27 1 7 59 141 322 360 363 476 547 560 1117 1131 1245 1316 1330 1350 1367 1448 1558 1824 2095 2380 2937 3037 3113 3123 3275 3648 4003 4130 4195 4237 4318 4338 4750 4788
4801 36 27 1 13 22 27 73 206 229 551 633 749 852 873 1115 1155 1276 1398 1864 1951 1981 2036 2338 2465 2582 2756 2988 3070 3178 3262 3264 3688 3989 4135 4249 4544 4638 4669
4813 36 27 1 53 96 220 337 372 472 498 819 861 922 972 1099 1155 1218 1472 1533 1784 1999 2061 2128 2592 2642 2886 2905 2943 2960 3154 3223 3473 3483 3759 3825 4393 4439 4558
4817 36 28 1 56 72 141 229 234 257 388 402 406 643 670 777 941 994 1035 1110 1204 1285 1323 1623 1658 1770 1882 1918 2433 2575 2615 2638 2656 3659 3924 4018 4234 4622 4656
4831 36 28 1 31 114 132 185 213 219 240 265 603 675 725 1110 1134 1391 1417 1557 1955 2058 2108 2219 2459 2663 2772 3041 3157 3213 3243 3315 3462 3515 3787 3820 3892 3998 4414
4861 36 27 1 2 73 139 142 180 188 345 546 607 697 732 888 895 925 1364 1458 1702 1704 2111 2444 2913 3001 3244 3248 3601 3612 3616 3755 3864 4179 4181 4219 4278 4490 4711
4871 36 29 1 13 67 137 219 247 260 584 692 775 888 1361 1394 1396 1606 1707 1970 2009 2138 2146 2169 2273 2312 2452 2490 2660 2970 2997 3129 3294 3465 3669 3753 3756 4064 4408
4877 36 28 1 15 123 464 715 847 926 994 1096 1098 1337 1641 1721 1852 1920 1924 1955 2040 2096 2198 2259 2336 2454 2980 3194 3513 3573 3650 3662 3697 3769 3824 4186 4328 4346 4860
4889 36 28 1 18 27 49 51 106 300 304 308 473 888 1157 1399 1465 1600 1619 1960 1986 2397 2430 2445 3011 3115 3118 3382 3416 3721 3738 3824 4146 4178 4187 4298 4559 4695 4700
4903 36 28 1 34 114 230 254 289 291 299 363 406 996 1011 1141 1440 1569 1765 1815 1838 2072 2275 2285 2348 2644 3092 3510 3837 4028 4033 4136 4308 4529 4542 4586 4651 4759 4779
4909 36 30 1 3 13 66 123 533 618 623 900 920 1312 1497 1800 2084 2230 2243 2528 2598 2772 2779 2860 2994 2998 3018 3180 3201 3700 3771 3918 4060 4175 4209 4573 4617 4712 4816
4919 36 29 1 43 64 80 94 156 221 349 360 568 615 673 717 940 1037 1599 1959 1970 1972 2135 2398 2613 3094 3494 3525 3771 3870 3882 3902 4098 4099 4179 4220 4465 4641 4777
4931 36 29 1 22 85 106 178 232 415 498 521 524 995 1133 1212 1244 1256 1496 1618 1620 1933 2032 2052 2169 2431 2488 2502 2934 3312 3716 3787 3796 4145 4209 4221 4317 4390 4603
4933 36 29 1 131 355 538 945 1110 1138 1257 1270 1276 1325 1354 1411 1488 1521 1661 1662 1665 1727 1755 1796 2142 2299 2301 2572 2667 2867 3948 4127 4142 4240 4270 4404 4616 4644 4708
4937 36 29 1 39 52 70 207 292 333 418 498 614 616 759 959 1169 1614 1894 1986 2431 2669 2831 2859 3225 3331 3552 3572 3601 3691 3869 3885 4027 4032 4199 4399 4539 4828 4867
4943 36 29 1 5 58 85 110 361 376 572 595 634 637 665 806 941 953 1164 1246 1293 1575 1682 2270 2273 2319 2321 3169 3363 3400 3723 3770 4055 4184 4235 4495 4574 4615 4871
4951 36 28 1 19 24 129 164 178 391 432 664 870 986 1712 1776 1866 1990 2332 2473 2506 2520 2795 2834 3370 3461 3470 3487 3607 3616 3673 3920 3923 3998 4018 4125 4218 4540 4675
4957 36 29 1 132 139 254 367 565 598 686 704 724 932 1199 1350 1572 1736 1742 1748 1760 1797 2096 2298 2395 2566 2580 2701 2714 2724 2990 3389 3498 3572 3695 3802 4634 4644 4701
4967 37 26 1 60 63 101 169 197 365 383 440 455 542 579 583 681 708 717 838 857 1065 1273 1362 1444 1719 2140 2585 2706 2748 2816 3086 3168 3599 3652 3710 4094 4280 4495 4755
4969 37 26 1 32 85 115 132 141 253 273 294 306 424 590 762 826 865 962 1043 1147 1189 1497 1528 1713 1777 1795 2007 2122 2166 2525 2542 2594 2596 2829 3026 3633 3854 4698 4864
4973 37 26 1 15 33 108 133 190 198 322 324 331 416 570 605 651 784 801 937 956 1171 1180 1265 1912 2429 3052 3150 3348 3415 3510 3542 3648 3694 3762 4093 4316 4424 4562 4895
4987 37 26 1 33 66 164 167 243 269 323 410 473 474 546 621 973 1121 1161 1383 1626 1694 1806 1819 1898 1913 2137 2240 2562 2754 2823 2878 2988 3013 3025 3456 3621 4256 4435 4526
4993 37 26 1 35 202 227 240 255 360 363 618 632 671 714 845 945 1194 2041 2101 2244 2402 2469 3081 3096 3164 3415 3451 3519 3520 3588 3774 4356 4435 4448 4497 4573 4800 4859 4880
4999 37 27 1 4 60 85 197 241 291 310 338 599 932 1020 1102 1118 1451 1486 1491 1543 1852 1946 1958 2138 2700 2751 3048 3224 3451 3525 3667 3766 3791 3861 3939 4469 4538 4650 4664
5003 37 27 1 20 30 149 234 260 324 403 443 557 656 727 876 900 1245 1380 1401 1410 1508 1835 1879 2219 2295 2537 2573 2807 3042 3069 3081 3154 3221 3459 3726 3751 3754 4577 4704
-1
