Nothing that subtle. I just totalled the number of differences that were not among the 25 most common.

Steve


This is for a box size of 1024. foo(n) is the result of 1000 runs on n bits,
giving the distribution of the number of differences encountered

gap> foo(8);
[ [ 9, 9 ], [ 10, 142 ], [ 11, 375 ], [ 12, 333 ], [ 13, 112 ], [ 14, 26 ], [ 15, 3 ] ]
gap> foo(9);
[ [ 14, 2 ], [ 15, 8 ], [ 16, 35 ], [ 17, 133 ], [ 18, 258 ], [ 19, 279 ], [ 20, 176 ], [ 21, 80 ],
  [ 22, 26 ], [ 23, 3 ] ]
gap> foo(10);
[ [ 25, 1 ], [ 26, 2 ], [ 27, 19 ], [ 28, 58 ], [ 29, 120 ], [ 30, 190 ], [ 31, 220 ], [ 32, 180 ],
  [ 33, 124 ], [ 34, 53 ], [ 35, 28 ], [ 36, 4 ], [ 38, 1 ] ]
gap> foo(11);
[ [ 44, 1 ], [ 45, 4 ], [ 46, 17 ], [ 47, 27 ], [ 48, 68 ], [ 49, 102 ], [ 50, 126 ], [ 51, 172 ],
  [ 52, 187 ], [ 53, 134 ], [ 54, 88 ], [ 55, 49 ], [ 56, 13 ], [ 57, 8 ], [ 58, 3 ], [ 59, 1 ] ]
gap> foo(12);
[ [ 73, 1 ], [ 74, 3 ], [ 75, 2 ], [ 76, 5 ], [ 77, 8 ], [ 78, 29 ], [ 79, 47 ], [ 80, 72 ], [ 81, 106 ],
  [ 82, 121 ], [ 83, 142 ], [ 84, 148 ], [ 85, 85 ], [ 86, 95 ], [ 87, 68 ], [ 88, 32 ], [ 89, 18 ],
  [ 90, 11 ], [ 91, 3 ], [ 92, 3 ], [ 94, 1 ] ]



The same thing for a box size of 2048

gap> foo(8,2048);
[ [ 9, 929 ], [ 10, 71 ] ]
gap> foo(9,2048);
[ [ 11, 15 ], [ 12, 130 ], [ 13, 347 ], [ 14, 350 ], [ 15, 136 ], [ 16, 21 ], [ 18, 1 ] ]
gap> foo(10,2048);
[ [ 18, 2 ], [ 19, 21 ], [ 20, 84 ], [ 21, 190 ], [ 22, 253 ], [ 23, 239 ], [ 24, 137 ], [ 25, 52 ],
  [ 26, 20 ], [ 27, 2 ] ]
gap> foo(11,2048);
[ [ 31, 1 ], [ 32, 6 ], [ 33, 17 ], [ 34, 42 ], [ 35, 89 ], [ 36, 175 ], [ 37, 199 ], [ 38, 179 ],
  [ 39, 146 ], [ 40, 81 ], [ 41, 45 ], [ 42, 16 ], [ 43, 2 ], [ 44, 2 ] ]
gap> foo(12,2048);
[ [ 54, 1 ], [ 55, 2 ], [ 56, 7 ], [ 57, 14 ], [ 58, 31 ], [ 59, 56 ], [ 60, 101 ], [ 61, 138 ],
  [ 62, 145 ], [ 63, 148 ], [ 64, 118 ], [ 65, 100 ], [ 66, 76 ], [ 67, 39 ], [ 68, 16 ], [ 69, 6 ],
  [ 70, 2 ] ]
gap>

For 11 bits  these are the distributions of the numbers of L1 cache misses expected in a box if 25 slots are available for the Gray code (including a slot for zero).

Box size 1024
gap> Collected(List([1..1000], i->bar(11,1024)));
[ [ 34, 1 ], [ 35, 3 ], [ 36, 7 ], [ 37, 9 ], [ 38, 17 ], [ 39, 26 ], [ 40, 39 ], [ 41, 60 ], [ 42, 79 ],
  [ 43, 112 ], [ 44, 116 ], [ 45, 102 ], [ 46, 103 ], [ 47, 108 ], [ 48, 77 ], [ 49, 63 ], [ 50, 41 ],
  [ 51, 21 ], [ 52, 8 ], [ 53, 4 ], [ 54, 2 ], [ 57, 2 ] ]

Box size 2048
gap> Collected(List([1..1000], i->bar(11,2048)));
[ [ 9, 7 ], [ 10, 12 ], [ 11, 31 ], [ 12, 57 ], [ 13, 105 ], [ 14, 110 ], [ 15, 142 ], [ 16, 139 ],
  [ 17, 147 ], [ 18, 115 ], [ 19, 56 ], [ 20, 47 ], [ 21, 11 ], [ 22, 10 ], [ 23, 7 ], [ 24, 1 ],
  [ 25, 1 ], [ 26, 2 ] ]


        Steve

