 2     2   276   276
   245
    42
   112
    15
   131
     7
   188
    75
   132
    10
    11
   187
   186
   265
    22
   159
   256
    43
   101
   123
   134
     4
    32
   209
   238
    35
    45
   235
   126
     5
    19
    60
    66
    80
   154
   251
   117
   206
    71
   118
    93
    87
   167
   271
   221
   261
   182
   155
    47
   230
   172
   236
   109
   191
    76
   156
    73
   116
   147
    23
   127
   231
    38
    53
   122
   210
    24
    68
    86
   255
   196
   139
   149
    21
   111
   203
   252
    72
   262
   114
   214
     9
   181
   174
    85
    95
     2
   250
   257
   243
    90
   158
   170
   148
    69
   105
   249
   263
    16
    54
    31
   115
    51
   104
   125
   219
    92
    46
    64
   204
     8
   266
   225
    34
   175
   145
   161
   180
   237
   241
   224
   169
   269
    12
    96
   129
   189
   190
    29
    17
    30
    82
   143
    74
   168
    13
   227
   217
    78
   258
   220
   178
   228
   146
    58
   254
   273
   215
    57
   106
    77
   110
    50
    26
   248
   260
   274
   107
    99
   253
    37
    25
   272
    44
    52
   119
    18
   201
    65
    41
   233
   103
   246
   200
   102
   160
   198
   207
   157
    40
   223
    49
   267
    79
     1
   136
   124
     6
    61
   268
   100
    70
    98
   171
   121
    39
    62
   211
   208
    84
   135
    97
    55
   152
   141
    63
   142
   259
    67
    33
   177
   173
    14
   242
    94
   113
   240
   264
   150
   205
    27
   183
    83
   195
   216
   163
   247
   133
    36
   153
   197
   140
   194
   120
   270
   165
   166
   162
   218
   138
   234
    81
    91
    89
   185
   212
   137
    48
   202
   276
   229
   151
   176
   144
   192
   130
   244
   232
   199
    56
   108
   184
   193
   239
   213
     3
   222
   128
    20
    28
   164
   226
    59
   179
   275
    88
