 2     2   276   276
   204
   203
    33
   236
     5
   172
    77
    76
    47
   146
   133
   224
   229
    53
    84
    16
   223
   228
   130
   131
   252
   190
    13
   263
   242
    10
    32
   196
   199
    65
   246
   209
    40
    99
   241
   198
   269
   251
    75
   118
   176
   271
   183
   116
   197
   238
    22
    29
   178
    26
   174
   129
     2
   153
   272
   257
    41
    12
    59
    20
    27
   175
   106
   159
   218
   259
   137
   258
   261
   164
   262
   189
    45
   177
   260
    85
    25
    15
   226
    96
    24
     1
   274
   148
   264
   132
    48
   117
    36
    60
   171
   201
   101
   253
    95
   120
   142
   213
   165
    51
   115
    44
   103
   167
   243
    66
   141
   108
    88
    97
   276
    30
   139
   222
   166
   173
   231
     3
    73
   239
    56
   170
    82
   162
   163
   207
   145
   128
    52
   104
    90
   216
   220
   155
    74
   237
    28
     4
   113
   273
   230
   270
   248
   180
   206
    50
   250
    78
   127
   150
    54
   232
   217
   121
    69
   156
     6
   125
   210
    86
    89
    46
   184
   211
   265
    93
    19
   138
    23
   126
    43
   188
   102
   244
   219
   192
   256
    83
    58
   144
   181
   187
    91
   158
   205
   235
   147
   157
   114
     9
   152
    57
    39
    64
   143
    67
   119
   161
    87
   200
   111
    79
    14
   123
    21
   149
   122
   191
    61
   194
   266
   225
    31
    81
    62
   160
   151
   112
   215
   254
   234
    72
    17
   179
   105
   267
   227
    18
   169
   249
   109
   208
   275
    68
   233
   168
    55
   124
    80
   240
    35
     7
   212
   100
   245
    98
   195
   247
   107
   182
    42
   185
    94
    11
   255
   135
   154
   221
    63
   193
   134
    71
   214
     8
    34
    70
   202
   268
    37
   110
    38
   136
   140
    49
   186
    92
