 1     5    78    78
001000000000000000000000000000000000000000000000000000000000000000000000000000
000100000000000000000000000000000000000000000000000000000000000000000000000000
000001000000000000000000000000000000000000000000000000000000000000000000000000
000000010000000000000000000000000000000000000000000000000000000000000000000000
000000001000000000000000000000000000000000000000000000000000000000000000000000
000000000010000000000000000000000000000000000000000000000000000000000000000000
000000000001000000000000000000000000000000000000000000000000000000000000000000
000000000000010000000000000000000000000000000000000000000000000000000000000000
000000000000000100000000000000000000000000000000000000000000000000000000000000
000000000000000010000000000000000000000000000000000000000000000000000000000000
000000000000000000100000000000000000000000000000000000000000000000000000000000
000000000000000000001000000000000000000000000000000000000000000000000000000000
000000000000000000000100000000000000000000000000000000000000000000000000000000
000000000000000000000001000000000000000000000000000000000000000000000000000000
000000000000000000000000100000000000000000000000000000000000000000000000000000
000000000000000000000000001000000000000000000000000000000000000000000000000000
000000000000000000000000000010000000000000000000000000000000000000000000000000
000000000000000000000000000001000000000000000000000000000000000000000000000000
000000000000000000000000000000010000000000000000000000000000000000000000000000
000000000000000000000000000000001000000000000000000000000000000000000000000000
000000000000000000000000000000000010000000000000000000000000000000000000000000
000000000000000000000000000000000000100000000000000000000000000000000000000000
000000000000000000000000000000000000010000000000000000000000000000000000000000
000000000000000000000000000000000000000100000000000000000000000000000000000000
000000000000000000000000000000000000000001000000000000000000000000000000000000
000000000000000000000000000000000000000000100000000000000000000000000000000000
000000000000000000000000000000000000000000001000000000000000000000000000000000
000000000000000000000000000000000000000000000100000000000000000000000000000000
000000000000000000000000000000000000000000000001000000000000000000000000000000
000000000000000000000000000000000000000000000000100000000000000000000000000000
000000000000000000000000000000000000000000000000010000000000000000000000000000
000000000000000000000000010000000000000000000000000000000000000000000000000000
000000000000000000000000000000000000000000000000000100000000000000000000000000
000000000000000000000000000000000000000000000000000010000000000000000000000000
000000000000000000000000000000000000000000000000000001000000000000000000000000
000000000000000000000000000000000000000000000000000000100000000000000000000000
000000000000000000000000000000000000000000000000000000010000000000000000000000
000000000000000000000000000000000000000000000000000000001000000000000000000000
000000000000000000000000000000000000000000000000000000000100000000000000000000
000000000000000000000000000000000000000000000000000000000010000000000000000000
000000000000000000000000000000000000000000000000000000000001000000000000000000
000000000000000000000000000000000000000000000000000000000000010000000000000000
000000000000000000000000000000000000000000000000000000000000001000000000000000
000000000000000000000000000000000000000000000000000000000000000100000000000000
000000000000000000000000000000000000000000000000000000000000000010000000000000
000000000000000000000000000000000000000000000000000000000000000001000000000000
000000000000000000000000000000000000000000000000000000000000000000100000000000
000000000000000000000000000000000000000000000000000000000000000000001000000000
000000000000000000000000000000000000000000000000000000000000000000000010000000
000000000000000000000000000000000000000000000000000000000000000000000001000000
441203102234121420404204303404014000440100441000010000400100000100000000000000
000000000000000000000000000000000000000000000000000000000000000000000000100000
000000000000000000000000000000000000000000000000000000000000000000000000010000
004400000120010120000100101044000000040000104304000000400000000444000000000000
242012240421021412140401401004211114240224200140244224122210101114120424024222
000000000000000000000000000000000000000000000000000000000000000000000000000100
000000000000000000000000000000000000000000000000000000000000000000000000000010
000000000000000000000000000000000000000000000000000000000000000000000000000001
402140220322221314224011411234201422434110324020232220222204241013134223330120
422013200400300224013102414442234121424123023342102124111201144231444430401331
010323324143243104432344243030314122304343113023303010343404240244440242043442
222032110203013132231402244223013430244322111110024113110231313430324122023223
131204421042312332301003304004431211342322142332340224233200411211120323024223
132440304121230311342100233233311334331333132111443432444204402212111124114223
240440102422321410413403302020344211304231143013201402432304440143444141402343
020104023223334142412103400304441300332212231130241110122200401103124313424113
341411440443123323012001004043213411031400333212322400033141103122323111432113
342003443424422230012200010204234422104131432100203010422014330441314042303000
410041240443034204020140101122444441430432314114211331132401013444440132032034
210404023402301044400201212100143142101100132333321121233344101114213342414344
030222413422102032123301413441004322210132110330023012301341331003312441220041
123011413223143240204302421301240434112442322410404431144441104140040144444442
241121013243012424034014131331020334311342334041414330034400204001000441043443
103201134414330320100201344021111103000104403302104000011040000201100004001440
221113131144122433334210312411331323414043144033132432101400111022231333022233
124142014401211221231104004012012421112441123213241040201304002430212133211233
122213424202212130142342230042113122041431001140131112411202223042311323212420
113001400430301311224241211031011202113103321312142110221424113233122140321444

