 1     5    78    78
010000000000000000000000000000000000000000000000000000000000000000000000000000
100000000000000000000000000000000000000000000000000000000000000000000000000000
000010000000000000000000000000000000000000000000000000000000000000000000000000
000000100000000000000000000000000000000000000000000000000000000000000000000000
001000000000000000000000000000000000000000000000000000000000000000000000000000
000000000100000000000000000000000000000000000000000000000000000000000000000000
000100000000000000000000000000000000000000000000000000000000000000000000000000
000000000000100000000000000000000000000000000000000000000000000000000000000000
000000000000001000000000000000000000000000000000000000000000000000000000000000
000001000000000000000000000000000000000000000000000000000000000000000000000000
000000000000000001000000000000000000000000000000000000000000000000000000000000
000000000000000000010000000000000000000000000000000000000000000000000000000000
000000010000000000000000000000000000000000000000000000000000000000000000000000
000000000000000000000010000000000000000000000000000000000000000000000000000000
000000001000000000000000000000000000000000000000000000000000000000000000000000
000000000000000000000000010000000000000000000000000000000000000000000000000000
000000000000000000000000000100000000000000000000000000000000000000000000000000
000000000010000000000000000000000000000000000000000000000000000000000000000000
000000000000000000000000000000100000000000000000000000000000000000000000000000
000000000001000000000000000000000000000000000000000000000000000000000000000000
000000000000000000000000000000000100000000000000000000000000000000000000000000
000000000000000000000000000000000001000000000000000000000000000000000000000000
000000000000010000000000000000000000000000000000000000000000000000000000000000
000000000000000000000000000000000000001000000000000000000000000000000000000000
000000000000000000000000000000000000000010000000000000000000000000000000000000
000000000000000100000000000000000000000000000000000000000000000000000000000000
000000000000000000000000000000000000000000010000000000000000000000000000000000
000000000000000010000000000000000000000000000000000000000000000000000000000000
000000000000000000000000000000000000000000000010000000000000000000000000000000
000101110100100000400004000004400000004000000000000000000000000000000000000000
000000000000000000100000000000000000000000000000000000000000000000000000000000
000000000000000000000000000000000000000000000000001000000000000000000000000000
000004000400000410004000040100004400000000000000000000000000000000000000000000
000000000000000000001000000000000000000000000000000000000000000000000000000000
000001000100000040000400004400000044000000040000000000000000000000000000000000
000000000000000000000100000000000000000000000000000000000000000000000000000000
440102111200141140400444014440400004404000040040000000000000000000000000000000
444042011200101140000000014400000000040000040000000000000000000000000000000000
000000000000000000000001000000000000000000000000000000000000000000000000000000
111413434300304410100001041100140000001400010000004000000000000000000000000000
000000000000000000000000100000000000000000000000000000000000000000000000000000
000000000000000000000000000000000000000000000000000000000000100000000000000000
111414434444344404144441040000140404001000400000004000000000000000000000000000
000000000000000000000000001000000000000000000000000000000000000000000000000000
221211223104203310240002032110240000002000024010004000000000000000000000000000
440002011200101140000000014440000000000000040440000000000000000000000000000000
000000000000000000000000000010000000000000000000000000000000000000000000000000
000000000000000000000000000000000000000000000000000000000000000000010000000000
444140120001240030211142404330200101002043040034400000000000300000040200000001
222324312444142224244042023210240400002001030010044000000000100000000000000000
000000000000000000000000000000010000000000000000000000000000000000000000000000
333232242202412240222312023440220203002003030040002400000000300000000400000002
110403444300414010001110001100000101000000010000000040000000000000000000000000
223331303101003330310003032340310000003000020040001004000000000000000000000000
221411423100203320100001032210100000001000020010000000400000000000000000000000
222324324413214331132310033340130203000003030040003000040000300000000400000002
334243232311302241410003024400410000003000040000001000004000000000000000000000
333234242411412301310113133040310001003010030040001000000400000000000000000000
000000000000000000001000000000000100000000000000000000000040000000000000000000
220401433110313431000110142300000001000010020000000000000004000000000000000000
000000000000000000000000000000000000000001000000000000000000000000000000000000
111414423403203410333303041110330303003002010014003000000000240000040100000003
334243232311302201310103024040310001003000040040001000000000004000000000000000
443234231411311201310013023040300000003004030040000000000000400400000000000000
334241231101341130211141014330210101001004040034001000000000400040040200000001
333232233202303340122202133430130202002014030030003000000000400004000400000002
112420424003244400333243041010330302003002010014003000000000200000440100000003
000000000000000000000000000000000000000000000001000000000000000000000000000000
442124142403412100033010114030040300000012040031004000000000200000014300000004
333232242202402230122201023330120202001003030030002000000000300000000400000000
113431413102143300022040431020010200000043010024001000000000300000040240000001
111414434404304320243402031210240304002001010010004000000000100000000104000003
334243243302403120222102413240220201002043030041002000000000300000010400400002
221312313244103404141402041000140104002000010000004000000000000000000000040000
442023031332301103022002114040040200002014040041004000000000400000010400004002
440102111200101030000400404300000004000044040000000000000000400000000000000400
221312323244243314244441032110240404001000020010004000000000000000000000000040
444141121101201140311103014440310101003004040040001000000000400000000400000001

