 2     2  2058  2058
   374
   708
  1312
  1036
  1151
  1366
  1307
  1571
  1402
   236
  1438
   363
   590
   288
  1372
    38
  1886
   816
  1953
  1582
  1109
   525
   124
    24
  1218
    26
  1795
   499
  1574
   802
    31
  1040
   117
  1643
    35
  1344
  1559
    16
   180
  1183
   979
  1819
   152
    44
  1161
  1500
   332
  1131
   946
  1599
    51
   985
  1428
    54
    55
   401
  1661
  1351
   272
   692
   120
  1545
  1221
  1211
  1423
    66
   318
  1536
  1722
   119
   790
   407
  2024
   146
  2045
   937
   424
   339
  1395
  2056
   568
  1111
   444
   746
   510
  1123
  2058
  1810
   550
   116
   103
  1009
   902
   632
  1799
  1308
  1910
  1034
  1706
   693
   101
   922
    91
   104
   571
  2031
   714
  1447
  1385
  1977
   409
  1220
  1456
  1094
   212
    90
    33
  1922
    70
    61
   971
   769
   387
    23
  1060
  1057
   480
  1628
   398
   130
  1477
  1326
  1166
  1974
  1272
  1324
  1295
   490
   291
  1216
  1389
   822
   306
   552
  1301
    74
  1957
  1401
   149
  1407
   766
    43
   153
  1000
   656
   638
   157
   158
   943
   677
   232
   162
  1031
   425
   195
  1403
   285
   219
   311
   657
  1289
   852
  1518
   587
  1159
  1350
  1180
  1041
   923
    39
  1334
  1735
   399
  1278
  1273
  1498
   488
   908
  1770
   537
  1941
   595
  1404
   617
   165
   686
  1845
  1924
   939
  1112
   706
   579
  1262
   749
   789
   775
   843
  1826
  1675
  1900
  1776
   115
   213
   966
   896
  1673
  1331
  1437
   168
  1139
  1472
   494
  1640
  2008
   995
   982
  1086
  1766
   800
   565
   231
   161
   853
  1551
   808
    10
   237
  1043
  1240
   551
   553
  1305
  1069
  1641
   811
   246
  2051
   596
   249
  1349
  1408
  1593
  1380
  1065
   451
   476
  1915
  1597
   259
  1113
  1225
   262
   457
   709
   554
  1572
  1846
   447
  1748
  1300
   614
    59
   890
  1125
  1507
   276
  1674
  1785
  1609
   308
  1635
   607
   815
  1682
   167
   427
   287
    14
  2043
  1843
   139
   756
   810
  1345
  1794
  1524
  1587
   911
  1660
  1358
   975
  1771
  1368
   304
   886
   143
  1008
   280
   705
  1194
   169
  1379
   410
  1269
   757
  1037
  1454
    67
  1501
   702
   859
   731
  1642
   813
  1752
  1064
  1557
   373
   778
   527
   539
    47
  1657
  2027
  1237
   470
  1870
  1616
    78
  1023
  1178
  1624
  1014
  1081
   345
  1420
  1050
  1063
  1699
  1035
   654
   406
  1242
   487
  1450
  2013
  1526
   700
   976
  2041
   404
  1991
    12
  1634
  1669
   366
   683
   368
   369
   446
  1820
  2023
   328
     1
   824
  1999
   473
   474
   676
  1306
  1774
  1769
   509
  1714
  1589
  1595
   123
  1979
   840
   412
  1936
  1554
   393
  1523
  1731
   695
  1598
   129
   183
   400
    56
  1867
  1981
   361
  1443
   352
    72
  1662
   111
   313
   669
   390
  1659
   912
   415
   416
  1110
  1101
   534
  1762
  1441
   628
  1383
    77
   164
  1778
   286
  1357
  1003
   434
  1683
   989
   485
   430
   888
  1865
  1011
   849
  1916
  1478
   906
  2022
  1013
    83
  1746
   370
   268
  1534
  1586
  1962
   255
   452
  1996
  1410
  1566
  1458
   263
  1744
  1029
  1012
   897
   806
  1883
  1955
  1457
   466
  1836
  1747
  1779
   336
  1837
  1839
   377
   378
  1116
   256
   477
  2020
  1266
   127
   481
  1878
  1937
  1603
   433
  1824
   354
   187
  1784
   138
  1756
  1627
   759
   222
  1146
  1189
   667
  1859
    28
   861
  1975
   660
   503
   566
  1068
  1286
  1834
  1644
   383
    85
   729
  1583
  1448
   515
   514
  1920
   581
   578
  1569
  1073
  1104
   522
   925
  1653
    22
   881
   330
  1804
  1907
  1021
  1633
   689
  1758
   419
   872
  1701
   190
  1973
   331
   592
  1816
  1128
  1088
   622
  1154
  1855
   580
  1892
  1103
    89
   240
   144
   241
   265
   901
   557
   556
   558
  1963
   972
   629
  1096
  1198
  1179
   230
   504
  1532
    81
   981
  1600
   105
  1995
   740
  1118
  1321
  1475
   776
   518
   202
   547
   517
  1754
  1230
   904
   684
   600
   174
   588
   589
    13
  1188
   540
  1719
   987
   192
   248
  1939
   704
  1209
   586
  1783
   764
   603
  1315
  1611
   606
   282
  1905
  1788
  2029
   611
  1540
  1390
   271
   619
   715
   194
  2036
   615
  1740
   621
   544
   623
  1680
   625
   845
  1235
   422
   561
  1544
  1596
    94
  1020
  1303
  2046
  1467
  1224
   156
   894
  1364
  1550
  1016
  1274
  1736
   919
  1543
  1718
   648
  1330
  1253
  1002
   798
  1157
   351
   658
   155
   170
   655
   707
   502
   661
   732
   809
  1208
  1347
  1044
   497
  1849
   411
  1181
   671
   672
  1340
   851
  1832
   379
   160
   857
   774
  1797
  1019
  1909
   367
   585
   685
   196
  1511
  1913
   532
  1369
  1562
    60
   100
  1429
   396
  1793
  1455
   984
   826
   358
  1869
   320
  1860
   598
   309
   201
   659
     2
   264
  1099
  1091
  1811
   818
   107
   616
  1153
  1879
  1847
  1292
  1445
  1509
  1647
   948
  1809
  1415
   726
  1813
  1573
   511
  1434
   322
   662
   959
  1048
   735
  1451
  1728
  1392
   739
   573
  1531
  1186
  1267
  1932
  1926
    84
  1129
  1985
   204
  1397
  1055
  1333
   753
  1688
   755
   292
   315
  1137
   493
   864
  1901
  1030
  1238
   602
  2050
   151
  1474
  1945
   122
  1512
  1651
  1430
   773
   679
   206
   577
  1652
   329
  1614
   910
  1329
   782
  1923
   784
  1033
   786
  1906
   788
   205
    71
   791
  1142
  1084
  1986
   795
   834
  1233
   652
  1751
   229
  1182
    30
  1440
   924
  1460
   462
   945
   235
   663
   293
   245
   812
   324
  1670
   283
    18
  1650
   713
  1948
   991
   821
   142
  1414
   375
  1246
   699
  1763
   828
   829
   973
   920
  1169
   854
   796
   933
   836
  1245
  1895
  1270
   389
  1664
  1463
   207
  1689
   626
   929
  1960
  1537
   438
  1538
   674
   172
   233
   833
   855
  1122
   678
  1772
   321
  1254
   500
  1723
  1298
   760
  1730
  2030
  1519
   998
  1249
  1817
  1823
   535
   873
  1490
  2009
   882
   934
  1320
  1742
  1409
   526
   876
  1339
  1965
  1265
   305
  1418
   435
  1155
   273
  1812
  1684
   893
   639
  1726
   215
   461
   935
  1281
  1177
   555
    93
   903
   584
  1782
   441
  1854
   188
  1231
   780
   298
   414
  1453
  2052
  1844
  1446
  1127
  1332
   645
   831
  1681
   102
   179
   804
   523
  1863
  1842
   928
   846
  1570
  1059
  2001
   835
   877
   898
  1980
    76
  1958
   199
  1257
  1090
  1356
   159
  1929
   807
    49
  2034
   723
  1287
   950
  1359
  1902
  2047
  1677
  1071
  1607
  1904
  1092
   733
  1489
  1934
   988
  2016
   964
  1089
   214
   967
  1138
  1919
  1163
   121
   560
   830
  1781
   301
   359
   977
  1696
    41
  1602
   569
   226
  2042
   698
    52
  1175
   594
   962
   432
  2033
   820
   992
  1825
   994
   225
  1360
  1737
   868
  1115
   154
  1581
   651
   429
  1004
  1005
  1061
  1535
   307
    92
  2014
   437
   460
   443
   343
  1713
   642
  1017
  1051
   681
   633
   530
  1285
   340
  1251
  2003
  1806
  1406
  1136
   459
   762
   163
  1821
   785
    98
   350
     4
   316
  1579
  1992
    32
   178
  1695
   238
   666
  1830
  1342
  1297
   734
  1851
   347
  1018
  1506
  1394
  1528
   751
  1432
   126
  1687
   931
   125
  1006
  1712
   348
   326
   254
  1066
  1067
   505
   243
  1172
   955
  1950
   520
  1196
  1283
  1631
  1427
  1575
  1911
  1250
   344
  1705
  1818
   793
  1119
   227
  1590
   543
   965
   941
   711
   958
  1093
   114
  1261
   562
  1882
  1120
   710
  2044
   418
  1102
   549
   521
  1741
  1610
  1263
  1276
    21
   417
    82
   200
   260
  2057
   999
   475
  1717
   574
  1085
  1098
  1124
   856
    86
  1121
   274
  1464
   917
   542
   747
  1626
    48
  1367
  1725
  1656
  1876
  1028
   758
   968
   220
  1140
  1792
   792
  1658
  1343
  1508
   495
  1984
  1439
  1887
  1828
     5
  1775
   716
   545
   889
  1522
   653
  1555
   175
  1436
    45
  1621
   970
  1993
  1807
   133
  1709
  1168
   832
  1654
  1697
  1070
  1327
  1502
   986
  1176
   900
   341
   564
   177
   670
   801
    40
  1734
  1604
   742
  1314
   591
   496
  1484
  1707
  1768
  2015
   310
  1229
  1074
  1790
   563
  1693
  1773
  1966
  2048
  1203
  1493
  1205
  1206
  1341
   664
   599
  1558
    64
  1874
  1354
  1938
  1215
   140
  1217
    25
  1750
   112
    63
  1852
  1223
   637
   261
  1226
  1594
  2004
  1195
   583
   909
  1858
   797
  1258
   627
  1236
   335
   763
  1239
   239
  1488
   353
  1243
  1884
   837
   825
  1749
  1391
   869
  1080
  1024
  1252
   650
   860
  1400
  1517
   940
  1234
  1759
  1260
  1095
   203
  1107
  1319
   885
   479
   743
  1492
   314
   839
  1944
   135
   185
   643
  1275
  1108
  2005
   184
  1580
  1363
   899
  1989
  1075
  1831
  1022
   506
   949
  1336
   171
  1577
  1291
   719
  1399
  1676
   137
  1412
  1047
   863
  1648
   270
   145
  1462
   634
  2035
   242
   380
     7
    96
  1309
  1310
  1564
     3
  1803
  1187
   604
  1373
  1850
  1796
  1264
   878
   575
  1592
  1623
   136
  1724
   132
  1173
  1838
   781
   649
   217
   918
   752
   181
  1335
  1288
  1703
  1925
   883
   673
  1207
  1046
  1144
    36
   294
  1721
   665
  1361
   250
   176
    58
  2010
  1903
  1213
  1617
   942
   428
   300
   951
   996
  1348
  1384
  1280
   640
  1994
     6
  1132
   303
   690
  1370
  1767
    15
  1316
  1630
  1503
  1396
  1377
  1619
   312
   253
  1546
  1388
   423
  1362
   109
  1618
  1829
  1382
   141
   613
  1248
   738
  1416
  1053
    79
  1376
   750
  2006
  1293
  1255
   148
     9
   166
   193
  1888
  1027
   150
   251
   880
   454
  1411
  1296
  1959
   823
   725
  1393
  1868
   887
  1608
   346
  1997
  1422
    65
  1636
  1425
  1969
  1077
    53
   694
   772
  1889
  1056
  1893
   730
  1872
  1160
   218
    11
  1148
   803
   421
  1442
   405
  1576
   720
   916
   108
   513
  1615
   355
   736
  2000
   913
   317
   697
   113
   465
   456
  1542
   805
  1466
  1302
   842
  1126
  1520
  1461
   636
  1612
  1971
  1470
  1764
   221
  1961
   767
   576
  1708
   131
   440
  1970
  1760
  1481
  1814
  1483
  1190
  2049
  1486
  1496
  1241
   960
   874
  1491
  1268
  1204
  1632
  1848
  1487
  1857
   186
  2012
    46
   319
  1174
  1375
  1533
  1505
  1052
   275
  1145
   721
  1983
   687
   770
  1908
  1873
  1548
  1917
  1256
   173
   867
  1465
  1885
  1156
   394
   296
  1525
   357
  1527
  1054
  1568
  2055
   741
   567
  1504
   448
  1007
    68
   848
   850
  1930
   612
  1646
  1459
   646
   630
    62
  1381
  1553
  1515
  1668
   641
   234
  1552
  1547
   392
  1158
  1556
   327
  1210
    37
  1710
  1987
   691
  1791
  1311
  1565
   455
  1686
  1529
   519
   930
     8
   266
   728
    29
  1078
  1444
  1290
  1700
  1038
  1279
  1001
    20
   512
  1685
  1585
   449
   297
  1588
   385
  1087
  2018
  1322
   252
  1227
   386
   631
   258
   397
    50
   570
  2032
   980
   484
  1185
  1745
  1606
   956
  1419
   279
  1106
   605
  1468
  1921
   779
  1449
   338
  1355
  1386
  1378
  2002
  1162
  2007
  1323
   342
  1732
  1130
   492
   128
  2053
  1374
  1076
  1494
   531
   364
   281
  1424
  1912
  1733
  1639
   223
   244
   323
    34
   508
  1645
  1541
   722
  1299
  1757
   817
   771
   777
   524
  1170
  1942
  1134
   333
  1143
   413
   299
    57
   408
  2038
   841
  1765
  1729
  1667
  1549
   365
   814
  2017
  1672
   216
   277
   209
  1294
   954
  1761
  1897
   624
   921
   284
   431
   892
  1584
  1567
  1058
   754
   844
  1890
  1739
  1952
  1199
  1877
  1042
   978
  1171
  1727
   349
  1578
   536
  2025
  1337
  1949
  1082
    99
  1191
  1476
  1167
  1560
  1978
  1062
  1015
   384
  1720
  1943
  1117
   647
   593
  1715
  1346
    69
   862
  1325
  1133
   895
  1698
   737
  1666
   865
   395
  1625
  1638
  1184
   182
   644
   997
  1743
  1691
   620
  1105
   879
  1738
   458
  1605
   445
   468
   269
  1247
  1219
   799
   325
  2028
   582
  1755
   491
  1649
   533
  1259
  1480
  1678
   420
   827
  1471
  1665
   228
  1371
  1192
   382
   189
   302
   858
  1200
   381
  1152
   211
  1833
   426
   469
  1780
   974
   905
   601
   489
   278
  1786
  1802
   609
  2011
  1197
  1563
  1141
   696
   295
    27
  1318
   680
  1798
    95
  1808
  1951
  1787
  1313
   528
  2039
  1026
  1165
  1800
   724
    88
   712
   891
   727
  1482
  1815
   541
   870
  1083
    42
   371
  1032
  1954
   871
   486
   993
   208
  1827
  1150
  1387
  1045
  1284
   675
  1777
   507
  1881
   467
   471
  1328
   472
  1968
  1998
   927
   290
   915
   197
   267
   718
  1495
   668
  1317
  1049
  1222
  1862
   907
   546
  1856
  1497
  1232
   498
   703
  1875
  1853
   926
  1927
   436
  2021
   402
  1417
   701
   337
  1871
  1435
  1514
  1212
  1861
  1135
  1694
   482
   717
  1898
  1835
  1097
   463
  1244
  1521
    17
  1149
  1405
  1431
  1690
  1946
   548
  1433
  1894
   838
  1896
  1679
  1880
  1982
   210
   761
   952
  1353
   957
   608
   787
   529
  1513
   682
    97
  1079
  1637
   688
  1914
   257
   439
  1516
  1918
   969
   516
  1613
   118
   783
   198
  1338
   745
  1864
  1928
   944
  1539
  1990
   744
  1964
   961
  1935
   391
   483
  1214
   597
  1988
   191
  1655
  1716
  1271
   768
  1891
  1972
   819
  1704
  1072
  1801
  1692
    19
  1822
   464
  1956
   147
   938
  1413
   847
  1473
   450
   559
  1933
   884
  1201
  1967
  1840
  1426
  1479
  1469
  1947
   538
   134
   501
  2054
   110
  1711
   388
   936
   403
  1899
  1510
  1147
   748
   794
  1561
  1940
  1282
  1931
   362
  1039
  1164
  1365
   572
   453
  1421
  1841
   376
  1452
   932
  1620
  1025
  1228
  1277
  1398
  1622
   224
   875
  1352
  1789
  1499
   356
  1010
  1193
   963
  1671
  1591
  2019
   478
  1866
   442
   372
    73
  1702
  2026
   334
  1753
   610
   866
   106
  1601
   990
   947
  1304
   618
  2037
  1663
  1805
  2040
   360
   983
   289
  1100
    75
   635
   953
  1202
  1485
   765
   247
   914
  1629
  1976
  1530
    80
  1114
    87

