 2     2  2058  2058
   502
  1182
  1390
    34
  2015
  1815
  1118
   395
  1677
   291
  1453
  1711
  1737
  1432
   681
  1600
   339
  1556
  1001
   651
   532
   230
  1171
   226
  1055
  1099
  1338
  1553
   191
  1906
   643
   698
   189
   436
   727
   717
  1368
   697
  1560
    59
  1604
  1176
  1662
   420
   363
  1800
  1164
  1047
  1921
   231
  2044
  1841
    39
   528
  2019
  1480
   394
   571
   434
  2040
  1128
   258
   425
  1110
  1498
  1740
   892
  1594
   215
  1392
   468
  2001
  1651
   929
   106
   855
   849
  1947
  1489
  1961
  1144
  1255
  1201
  1165
   888
  1088
  1833
   771
  1232
   850
  1419
   721
     6
  1513
  2012
  1380
   757
  1347
  1409
   265
   861
   846
  1431
  1598
  1321
   562
  1140
  1003
  1660
   705
  1526
   346
   863
  1454
   599
  1706
  1297
   776
  1373
   960
  1019
  1583
  1568
  1247
   992
  1388
  1673
  1832
   999
   554
  1658
   334
   920
  1930
  1750
  1123
  1825
   637
   726
   682
   234
  1139
  2023
  1713
   984
   983
  1886
   505
  2057
   412
  1446
   177
  2037
  1913
   827
   485
   379
   331
  1458
    86
  1037
   793
   287
  1331
  1914
  1149
  1849
  1644
  1326
  1316
   351
  1620
   269
   642
   222
  1127
   458
   736
   796
  1228
  1922
  2025
  1442
  1354
  1224
  1163
   348
   433
  1138
  1854
  1335
    56
   197
   712
   466
   401
   604
   972
  1716
  1124
   867
   810
   221
   277
  1021
   445
   688
   364
   908
   375
  1985
  1211
  1734
   790
   145
   560
    61
   877
   868
   512
   426
   661
  1772
     5
  1299
   883
   678
  1801
  1156
  1580
  1945
  1426
   308
   349
  2032
   405
  1680
   327
  1812
   989
   695
  1960
   210
  1393
   144
   151
  1756
    89
  1805
   782
  1397
   283
   211
  1602
  1809
   438
   161
   501
  1100
   465
    19
   940
   223
   887
  1076
   365
   722
  1532
     4
   748
  1507
  1052
   212
    60
  1018
   889
  1046
   359
   525
  1864
  1314
   173
   309
    55
   510
    64
  2006
   201
  1362
  1675
  2000
  1533
    97
  2033
   930
  1254
  1757
   116
   792
  1577
   624
   980
   641
  1523
   170
   966
   655
  2014
  1208
   911
   324
  1479
  1234
  1693
  1529
  1642
  1020
  1488
   988
  1610
  1850
    96
  1586
   679
  1381
   129
   662
  1717
  1300
  1767
   977
   864
   648
  1764
   787
   866
  2052
  1994
   167
  1951
  1878
    88
  1531
   437
  1481
   660
  1719
  1510
  1048
  1796
   315
  2003
   766
  1436
  1179
    69
   987
  1206
   675
   328
  1078
  1592
  1785
  1936
  1096
  1011
   928
   917
  1999
  1174
  1685
  1573
   558
   175
   875
   107
  1962
  1636
   486
   805
  1646
  1273
  1525
  1285
  1463
  1896
   559
   372
    94
  1274
  1227
   900
     8
   785
   914
   761
   101
  1167
   480
  1315
   244
   768
  1226
   279
    22
  1325
   169
   625
   352
  1293
  1996
   517
   853
  1916
  1681
  1933
  1039
  1589
  1474
  1073
  1383
   946
   602
   707
  1406
  1909
  1345
   730
   452
  1279
   778
  1495
  1026
  1146
  1890
  1016
   718
  1322
   652
    36
    90
   209
  1195
  1015
  1821
  1484
   811
   936
  1771
   941
   186
  1923
  1748
  1967
  1198
  1246
  1085
  1569
   408
  1998
   909
  1664
  1855
  2028
   589
   673
  1090
   281
  2020
   497
   622
   527
    35
   148
   341
  1983
   842
  1218
  1672
   820
  1007
  1305
  1931
  1449
  1537
  1749
  1455
  1976
   310
  1402
  2050
    48
   567
   720
  1363
  1520
    20
  1248
  1486
  1473
   136
   696
   594
   274
  1548
    52
  1301
  1584
   163
   373
   329
   640
  1708
   239
  1133
  1013
  1829
  1281
  1000
  1710
   382
  1075
  1501
   692
  1384
  1425
  1289
   303
   804
  2009
  1089
  1797
  1081
  1942
  1625
  1310
  1839
  1181
   896
  1408
   700
    38
   511
   389
  2042
  1744
  1212
  1151
  1786
   353
   733
   390
  1808
    98
  1389
  1576
  1816
  1667
  1822
   350
  1064
   667
   576
  1527
  1837
  1077
  1278
  1282
  1574
  1170
  1670
  1205
  1521
  1676
   852
  1956
  1440
  1542
  1776
  1563
  1465
   813
   561
   317
  2027
    66
  1623
   784
  1445
   474
  1752
  1969
   503
   355
   122
   803
   278
  1701
   153
  1851
  1056
    99
  1698
   422
  1260
   374
   522
  1334
  1342
   388
   423
   838
  1250
   266
  1308
  1618
  2043
  1493
  1095
   653
  1319
  1550
   775
  1443
   612
   268
   540
   548
   417
  1391
   461
    70
    15
   666
   552
   737
  1491
   955
  1612
  2035
  1312
    10
  1210
  1894
  1230
   879
   854
  1150
    49
  1369
  1413
   959
  1014
  1596
  2056
  1547
  1251
  1209
  1173
  1367
  1652
   570
   860
  1337
  1462
  1826
   263
   333
   823
  1038
   683
  1404
   839
  1333
   523
   658
  1223
   816
   781
  1558
  1692
   947
   257
  1030
   577
   791
  1120
   956
    93
   740
    81
  1104
   993
  1236
  1044
  1824
   126
   225
   756
  2022
   919
    62
  1153
   859
   699
  1330
  1633
  1819
   459
  1059
   290
  1606
   524
   456
  1400
  1736
   157
   165
  1572
   397
   102
    63
   618
  1485
   755
  1973
   672
   347
  1524
   245
  1060
  1712
  1974
  1564
  1997
   454
   155
   220
    71
  1554
   716
  1323
  1733
   788
  1196
  1901
   159
  1769
   489
  2030
  1460
   416
   168
  1810
   406
   181
   537
  1634
   654
   899
    76
  1448
  1653
   467
   976
  2045
   635
   969
  1512
  1788
   742
   115
   297
   890
   227
   694
  1605
  1907
  1948
  1370
   472
   124
  1626
  1640
  1927
   392
  1101
   957
  1917
  1611
   809
    25
  1694
  1497
   619
   134
   858
  1351
   442
  1478
  1134
  1517
   750
   569
   738
  1561
  1420
   647
  1866
  1054
   710
   924
   996
   270
  1249
  1496
    37
  1111
    84
   286
  1306
  1437
   342
  1641
  1804
  1058
   381
   256
   362
   295
  1929
   817
  1063
  1794
  1022
   546
   325
  1043
  1217
  1707
  1459
   553
   668
   252
   194
  1519
   638
   693
  1977
  1803
   610
   418
   851
   304
  1450
  2016
   605
  1723
  1657
    79
   680
   753
   547
  1659
   137
   188
  1545
  1588
  1467
  1530
  1551
  1650
   739
  1169
   847
  1424
  1984
   255
  1121
   616
  1728
  1162
   774
   232
  1847
   318
    28
   514
   183
   958
  1029
   118
   615
  1745
  2047
   476
   103
     3
  1503
   419
  1259
  1132
   247
   288
   332
  1566
  1720
  1500
   366
   336
   903
    57
  1755
   492
  1097
   905
   926
  1357
  1375
   184
  1079
  1057
  1966
  1880
  1143
  1401
   541
  1200
  1830
  1957
   451
   873
   731
  1562
  1107
   687
   764
   429
  1570
   259
   806
  1193
   253
  1353
   250
   961
   415
   981
   789
  1028
  1470
   140
    54
   747
   243
  1619
   758
  1207
  1899
  1702
  1970
  1242
  1240
  1214
   487
  1341
  1700
  1935
  1597
   441
  1950
   176
   484
   130
   321
  1040
   550
   267
  1069
   199
  1336
  1082
   970
   166
  1982
    87
  1061
  1438
  2031
   824
  1539
   586
   991
  1122
  1838
  1350
  1687
  1941
  1688
   837
   587
  1978
  1051
  1853
   322
   818
  1035
   583
  1202
   447
  1643
  1607
   262
   874
  1621
   282
  1964
   219
   725
   865
  1760
   224
  1879
  1002
  1106
  1725
   109
  1466
   962
  1091
  1870
  1565
   927
   398
  1843
  1609
  1313
  1943
   421
   754
  1924
    95
   709
  1900
  1461
  1405
   393
   462
  1514
   734
   504
   152
   296
  1276
  1682
   711
  1476
    85
  1256
   202
  1502
   592
  1231
  1070
   708
  1877
    11
  1823
  1614
   403
  2024
   685
  1304
   198
   822
   591
   565
   614
   233
   965
  1203
  1535
   719
   200
  1714
   728
   285
  1175
  1991
   114
  1791
   500
  1421
   520
   963
  1427
  1585
   613
  1065
  1656
  1009
  1516
  2054
  1593
  1903
  1630
  1355
  1789
  2048
  2018
   131
   190
    67
   407
   542
   187
  1434
  1509
   893
  1166
  1186
  1852
  1483
  1639
  1902
   273
    80
  1544
  1067
  1988
   400
   229
  1417
  1187
   367
  1204
   323
   596
  1032
   314
   767
  1915
   402
  1131
   534
  1066
  1050
   154
   356
   280
   477
   845
   293
  1045
  1986
  1145
  1552
   922
    23
  1845
   404
   912
  1284
  1142
  1889
   119
  1414
   536
    43
  2026
  1754
  1487
   656
   765
   645
  1587
    83
  1012
   455
  1875
    12
  1781
  1290
  1868
  1441
  1177
  1678
   431
  1245
  1873
  1946
   915
   292
  1993
   471
  1086
   948
   593
  1940
  1428
   646
  1908
   556
  1158
   358
  1989
    24
  1184
  1631
   112
   690
  1715
   533
   572
   579
   217
   411
   312
   248
  1339
  1980
   490
  1937
   783
  1735
  1008
   812
   530
   428
  1239
   598
   836
   913
   629
  1773
  1113
  1356
   630
   160
  1221
   254
  1365
  1429
   597
   945
  1885
  1189
   178
   300
   535
   872
   531
   378
  1328
   659
  1559
  1632
  1378
   639
  1581
  1679
   870
   272
  1818
  1663
  1763
    82
   677
   862
  2039
  1192
  1787
  1233
  1747
   470
   933
   582
   235
   469
   631
  1792
   147
  1366
  1739
  1435
   724
   706
   891
   311
  1802
   368
   780
   299
  1456
   228
  1098
  1590
  1115
   751
  1955
  1778
   482
   319
  1093
  1102
  1859
   240
   246
   830
   954
  1541
  1528
  1469
   932
  1806
  1258
   515
   918
  1511
  1920
   800
   330
   669
   825
  1540
   876
   338
  2010
    58
  1836
   275
  1482
  1398
  1965
   384
   424
   607
   125
   772
   383
  1159
  1385
  1887
  1746
   294
   901
   513
  1318
   623
   242
   986
   921
  1033
  1575
  1452
  1844
   674
   544
  1266
  1793
    13
  1237
   519
  1271
  1954
  1697
    31
   968
   551
   203
  1758
   498
   448
  1215
  1995
  1952
  1858
  1172
    16
   446
   495
  1332
   313
  1949
  1418
   354
  1148
  1298
   601
   518
  1665
  2005
   564
  1777
  1883
  1303
  1103
  1348
   934
   743
   807
  1307
  1817
   545
  1624
  1477
  1092
  1669
  2036
  1023
   139
   938
  2007
  1774
    44
   937
  1324
  1027
  2008
  1291
  1415
  1690
  1382
  2041
   626
   449
   361
   127
  1848
   834
   316
  1302
   732
  1761
  1881
    46
   664
  1157
   573
    41
   357
    74
  1084
   670
  1840
  1119
   994
  1857
  1329
   971
   770
  1112
   621
  1416
   649
   884
   206
  1168
  1534
  1721
  1696
  1683
   113
   575
  1464
  1807
   943
   606
   671
   453
  1287
   463
   773
   414
    50
  2004
   978
  1241
  1691
   302
  1699
     2
   702
  1724
    65
  1925
   305
   214
   475
  1616
   998
     7
  1374
    42
   345
  1349
   386
   746
  1882
  1422
  1244
  1835
  1705
   665
  2013
   636
   526
   493
   284
  1703
  1129
  1346
  2034
  1006
   326
    14
   432
  1444
    30
   439
  1394
  1229
  1617
   478
   435
  1918
  1990
   953
  1191
   967
  1645
   271
  1360
  1268
   142
   931
   427
   713
   779
   121
   387
   491
   840
  1674
  1895
    72
  1267
  1615
  1340
   574
  1654
  1396
    91
  1126
  1072
  1518
   298
   494
  1010
  1379
   608
  1579
  2021
    45
   982
   627
   808
  1183
  1263
  1031
   885
     9
   413
   343
   995
  1622
  1738
  1668
   762
  2046
   488
   952
   676
  1053
  1876
   205
  1295
   164
   581
   814
   794
   430
  1846
   172
  1934
   644
  1872
  1981
   180
  1904
   174
   105
   997
  1555
   218
  1105
   213
   869
  1262
   744
  1938
   769
   499
  1975
  1972
   376
  1567
  1433
  1430
   132
  1504
  1213
  1371
  1125
  1726
  1261
  1549
   185
  1666
  1376
   595
  1926
  1197
   320
   942
   241
  1471
  1557
   301
  2011
  1155
  1071
  1280
   895
   529
  1506
   251
  1898
   684
   907
   543
  1468
  1790
  1919
   657
   516
   538
  1049
  1704
   609
  2017
   620
  1578
  1765
   763
  1412
  2029
   752
  1689
   973
   110
   714
  1135
  1784
   555
   443
  1130
   949
  1628
   557
  1582
   410
   444
  1439
   123
  1411
  1387
   549
   906
   799
   729
   111
  1490
  1343
  1358
  1062
   701
   162
   802
  1036
  1770
  1865
  1709
  1732
  1968
  1595
  1505
   974
  1813
   715
   704
  2051
  1522
  1447
   385
   192
   632
  1309
  1762
  1655
    32
   833
   856
  1005
   910
  1296
  1601
  1108
   832
  1410
  1017
   916
  1094
  1939
  1871
  1613
   237
  1648
  1536
    27
   236
   617
  1395
  1219
   650
  1649
  1141
  1472
   440
   798
  1891
   143
  1892
   306
  1782
   749
  1407
   261
   857
  1992
   939
   745
  1959
    68
   141
  1451
  2038
    26
   117
  1722
  1294
    75
  1932
  1499
   369
   723
  1779
   578
  1684
  1768
  1423
   521
  1591
  1216
  1147
  1515
  1958
   563
  2053
  1238
  1344
  2002
  1635
   207
  1252
   878
  1188
  1861
  1161
   377
  1494
   371
   146
  1317
  1731
   691
  1831
   628
   216
   370
  1508
   826
  1116
   689
   149
  1361
  1953
   138
  1780
  1199
   307
  1753
   760
   104
  2049
  1190
   611
    40
  1320
   276
   483
  1194
   135
  1862
  1185
  1888
  1775
   133
   703
   460
   871
  1270
  1403
   585
   391
  1538
   509
    47
  1842
   539
   634
   457
   979
   935
   951
   238
  1399
   881
  1235
   479
   835
   797
   496
   843
  1661
  1257
   821
   844
   150
  1117
  1359
   925
   600
  1546
  1795
  1364
  1828
   663
    51
  1160
    29
  1034
  1327
   120
  1860
  1742
   603
  1637
    77
  1627
  1686
  1311
  1783
  1987
  1971
  1893
  1004
   815
  1863
  1253
  1286
   204
  1152
    53
  1272
    92
    21
  1911
  1292
  1743
   335
  1178
  1603
   337
  1243
   786
   801
   633
   506
  1869
  1080
  1671
  1629
   777
   741
   686
   882
   171
   580
   208
   950
  1867
  1265
  1638
  1729
   179
   841
   886
  1912
   588
  1264
   902
    18
  1730
   409
  1928
  1543
   848
  1799
   396
  1599
   735
   481
  1288
    73
  1766
  2055
  1042
  1225
  1277
  1074
  1386
  1352
   182
   450
  1874
  1372
  1068
  1154
   193
   904
   590
  1751
   894
  1897
  1759
   819
   128
   923
   795
     1
   990
   975
  1041
  1608
   985
  2058
  1083
   964
   196
  1180
  1137
  1024
  1910
  1283
   195
  1025
   260
   566
  1727
  1979
   898
  1475
  1136
   360
  1571
  1275
   264
   340
   508
  1820
  1905
    78
  1963
  1798
  1834
  1884
   399
  1492
   829
  1109
   944
   100
   897
   249
  1856
   289
  1647
  1087
    33
  1222
  1811
   156
  1695
   380
  1827
  1220
   828
    17
   108
  1114
   473
   568
  1944
   158
  1741
  1269
   831
   584
   507
   880
   344
  1377
   464
  1718
  1457
  1814
   759

