 2     2   266   266
   262
   107
    21
   213
   191
    22
   133
   234
   232
   151
   139
   176
   202
   253
   222
    16
   195
   206
    68
    55
     3
     6
   179
   217
   216
   256
    87
    70
   131
    44
   105
   170
    77
   104
   198
   137
   243
    56
   124
   223
   134
    42
   174
    30
    45
    51
   128
    94
   250
   264
    46
   183
   231
   115
    20
    38
    85
   233
   261
    95
   235
   177
   249
    91
   247
   155
    67
    19
   219
    28
   237
   211
    84
   192
   130
   251
    33
    78
   260
   112
   193
   156
   242
    73
    57
   238
    27
   143
   168
   148
    64
   119
   212
    48
    60
   150
   199
   140
   189
   180
   147
   111
   159
    34
    31
   162
     2
   194
   166
   200
   102
    80
   120
   141
    54
   182
   181
   225
    92
   113
   254
   125
   146
    39
   122
   208
   221
    47
   210
    75
    29
   255
     7
    41
   135
   175
    36
   207
    11
    98
   114
   240
    88
   172
   185
   123
   101
    90
   224
    96
    10
   169
   241
   190
    66
    82
   214
   161
   103
   236
   158
   106
   239
   229
   230
   109
   188
    89
   152
    32
   258
   144
   186
    43
   136
    12
    62
   245
    23
   100
   117
   116
    52
   205
   145
   173
   228
   167
    99
   154
     5
    74
    81
   108
    17
   196
   203
    35
    97
   110
   252
    13
   197
   204
   184
    18
   138
   126
   248
   129
    72
    93
     4
   157
   259
    25
    24
   246
    69
   227
   127
    15
    40
   149
   118
   226
   220
   187
   164
   165
    53
     9
    58
     8
    61
   160
    71
    86
   163
   142
   153
    83
    37
   244
   178
   218
    65
   209
    63
    49
    76
   201
    14
   121
   132
    26
   263
   171
   215
    79
    59
     1
   257
    50
   266
   265

