 2     2   266   266
   146
   132
     3
   156
   242
   107
   125
   245
   174
   241
   264
   248
    36
   116
    47
   178
   170
   197
   233
   121
     1
   228
    48
   201
    15
   136
   212
     6
   175
    77
   237
    30
   226
    31
   129
    44
   161
   232
   219
    78
   139
     9
   211
    13
   222
    97
    25
   173
    70
   153
   186
    29
   203
    35
   169
   140
   260
    91
   199
   108
   208
   206
    11
    55
   103
    65
    95
    73
   151
   131
    41
   221
   225
    18
   143
     7
    32
   159
   217
    93
   181
     2
   258
   163
   154
   182
    38
   133
   117
    33
   243
   191
   122
    27
   205
    20
   135
    98
   229
   138
    61
   194
    66
   104
   149
    62
    28
   164
   123
    17
   137
    16
    69
    37
   238
   128
   247
    57
   167
   134
    96
    80
   193
   185
    76
    83
   218
    14
    54
     8
    49
    82
   215
   189
    46
   190
   183
   188
    71
   230
   231
   239
   202
   224
   158
    21
   119
   214
   184
   250
   113
    72
   200
   213
    22
   166
   102
   220
    40
    92
   114
   257
   177
    60
   179
     4
   147
   168
    64
   110
   171
   148
    23
    42
    52
   195
    84
   112
   246
    19
   252
   196
   111
   105
   265
   209
    24
   100
   120
    26
   160
    39
   109
   157
   266
    86
    74
   204
   227
    50
   187
    75
   216
   207
    67
   106
   198
   101
    51
   141
   251
    94
    85
   172
    88
    53
   254
   261
   192
   145
   152
   240
   262
   249
    68
    90
    59
   155
   263
    56
   210
    87
   180
    12
   115
   142
    34
   235
   236
    45
   244
   253
    58
    10
   130
   165
    89
   234
   144
   259
    43
    81
     5
    79
   223
   162
   256
   126
   150
   118
   127
   255
    99
    63
   124
   176

