 2     2   100   100
    84
    20
    48
    56
    82
    67
    55
    41
    35
    40
    78
   100
    49
    37
    94
    76
    19
    44
    17
     2
    34
    85
    92
    57
    75
    28
    64
    26
    90
    97
    38
    68
    69
    21
     9
    53
    14
    31
    61
    10
     8
    73
    91
    18
    86
    81
    89
     3
    13
    93
    96
    72
    36
    74
     7
     4
    24
    99
    95
    63
    39
    83
    60
    27
    70
    88
     6
    32
    33
    65
    87
    52
    42
    54
    25
    16
    98
    11
    80
    79
    46
     5
    62
     1
    22
    45
    71
    66
    47
    29
    43
    23
    50
    15
    59
    51
    30
    77
    58
    12

