 2     2   100   100
    80
     9
    53
    23
    51
    37
     7
    27
    11
    62
     2
    65
    64
    61
    98
    73
    39
     5
    13
    97
    96
     1
    78
     6
    15
    93
    60
    57
    71
    69
    12
    16
    17
    86
    28
    36
    24
    59
    33
    43
    41
    68
    91
    42
    30
    85
    10
    76
    92
    66
    18
    14
    87
    95
    29
    54
    35
    20
    94
     8
    52
    47
    74
    19
    31
    88
    21
    44
    45
    81
    55
    63
    32
    72
    70
    90
    49
     4
   100
    22
    75
    34
    79
    84
    89
    82
     3
    50
    46
    48
    40
    77
    99
    38
    56
    67
    58
    25
    26
    83

