 2     2  6156  6156
  2787
  2486
  3616
  3977
  2766
  3954
  1919
  2905
  4774
  1830
  5026
  1616
  4348
  4786
  4610
   264
   446
  2767
  5058
  1813
  4395
  3190
  5027
  1220
  3195
  2542
  3740
  2103
  5666
  2838
  1152
  3891
  4962
   540
  1446
  1008
  3401
  3148
  5773
  5904
  2264
  2265
  1718
  3370
   263
  2562
  3198
  1890
   937
  2543
  2934
  2935
  1057
  5994
  1140
  2839
  3903
   435
   732
   605
   995
  3204
   894
  1219
  1447
  2143
  1256
   597
  1848
  3250
   950
  1529
  1053
  1339
  4674
  2697
  3875
  1777
  1719
   703
  1829
  3890
  1821
  2774
  4028
  4029
  4405
  2299
  3402
   938
  3682
   613
  3938
  4975
  4125
  1058
  2112
  4919
  4956
  2967
  1823
  2682
  3961
  5864
  6138
  3678
  3398
  1199
  2932
  2364
  1600
  1726
   576
  1451
  1666
  3132
  1685
  2257
  2365
  1940
   967
  3910
  2857
   598
  1007
  2760
   828
  1350
  3805
  2895
  1990
  1143
  1144
   640
  4675
   696
  5512
  3953
   872
  2721
  2636
   434
  6043
  5909
   899
   604
  2494
  1629
   911
   912
  3960
  2799
  3991
  5132
  4861
   955
  3285
  4482
  4584
  1512
  1372
  2566
  1592
  3637
  4797
  3483
  3484
  4724
  5204
  2185
  1690
   575
  3670
  4829
  3753
  1074
  1108
  4211
  2564
   895
  1394
  1763
  4411
  4746
  5979
  2876
  2877
  1845
  1889
   418
  3551
  3552
  1508
  3413
  1727
  1092
  1739
  2262
  3278
  4525
  5219
  5220
   821
  1535
  1478
  1269
  1750
   858
   968
  5543
  5540
  2100
   804
   363
   472
  2752
  4108
  2393
  2447
  2448
  2110
  5458
  4940
  1526
  2992
  1351
  4709
  4780
   293
  3807
  5605
  1970
  1804
  1805
  1550
  2398
  2370
   873
  2674
  3846
  3799
  3677
  4380
  2668
  1169
  1852
  5829
   417
  1939
  1365
   653
  1630
  2345
  2346
  3784
  1217
  1134
  1802
  5103
  1039
  4862
  3767
    45
    16
  3895
  3509
  3407
  5547
  2348
  1245
   893
  1450
  2567
  3909
  1290
  2020
  2171
  3232
  5227
  6098
  5606
  2459
  4725
  1809
  5330
   827
  5853
  5987
  2593
  2641
  2074
  2039
   229
   386
  5624
  2111
  2263
  5705
  6103
  1109
  3867
  3742
  1324
   896
   517
   669
   751
   345
  5193
  5194
  5166
  1781
  3985
  3986
  4069
   908
   936
  2865
  5659
   648
   595
  1301
  2037
  4720
   730
  2493
  5351
  3702
  2648
  1532
  5907
  4682
  2667
  2342
  2798
  2178
  3244
  4526
  3513
  4696
   378
   578
   745
  2210
   308
   521
  6114
  5390
  5128
  5129
   397
  1558
  1025
  4582
  4583
  3992
  2101
  1591
  1311
  3636
  3745
  2106
   214
  5173
  2726
  1424
  5025
  2394
  2172
  3233
  3574
  3094
  1400
  4181
  4182
  4941
  1527
   341
  4191
  3349
  5964
  5307
  1456
   700
  3024
   294
  1073
  5379
  5984
  5428
  4518
  4658
  5147
  2737
  3877
  2755
   351
   591
  1212
  1106
  1331
  3203
  4863
  4864
  4984
  2720
  4171
   845
   660
  2349
  1200
  1388
  3809
  3810
  2819
  4528
   248
   190
  5229
  5949
  4806
   534
   884
   654
  1142
  2308
  4110
  4953
  3319
  2127
   666
  2985
  1950
   142
    58
  2750
  5848
  2205
   439
   440
  4200
  4697
  3862
  5082
  5083
    17
  3748
  4458
  3510
  1853
   913
  5541
  2460
  2289
  1194
  4994
  4995
  1596
  1597
  2261
  2968
  4831
  1052
  1684
  4046
  4021
  3031
  3710
  4281
  4434
  5228
   215
  3084
  3085
  1268
  2579
  3858
   820
  1335
  5697
  4176
  3696
  2651
  3524
  1941
  6149
  3100
  4451
  1621
  2495
  5693
  5929
  1021
  4730
  2969
   651
  5371
   829
  1061
  4708
  2104
  2105
  1999
  3001
  5990
  1766
  2643
  4132
  4695
  3743
  1107
  1255
   779
  3331
  3023
  4218
   305
   964
  4130
  2409
   346
   848
   900
  5906
  3474
  2673
  2303
  2430
  3970
  2669
  3251
  4113
  3927
   422
  4379
  2431
  1736
  1911
   714
    34
  1832
  2791
   596
  2884
  2655
  3055
  5230
  1236
   731
  1765
  1932
   963
  5899
  6034
  3703
  3412
  4062
  4063
  3221
  1035
  1660
  3838
  3837
   935
  1195
   693
   567
   568
  2151
  2152
  4239
  5509
   672
  3766
   172
   113
  3014
   342
  2714
  4744
  4987
  1812
  2764
   863
  2184
  1100
  3761
  3188
  4394
  5862
   398
   761
  2406
   892
   321
   543
    68
   124
  3945
  2285
  3399
  2272
   791
   146
    60
  2053
  2170
  5886
  5887
  3365
  4548
  2107
    92
  5686
  5823
  6132
   686
  2988
  1595
  3508
  1808
  6077
  6078
  4435
  4739
  1693
  4301
  5709
  1293
  2026
  4173
  3128
  2926
  5232
  1906
  1567
  2287
  1981
   987
   134
  1866
  1867
  2734
  3917
  5308
  4044
  4045
   320
  3025
  2758
   496
  5704
   251
   424
  5778
  4409
  6111
  3806
  2691
   409
   690
  5325
  5283
  5870
   930
   431
  2722
  3941
   306
  1912
   972
   573
  1547
   983
  1582
   864
  4684
  2282
  3381
  4413
  5435
  4099
  1120
  1419
  3211
   617
  1015
  2428
  2429
   661
  4119
  5198
   566
  1378
  1888
   136
  4960
  4779
  4529
   384
  3844
  3845
    80
  1300
  4436
  5865
  5788
  3044
  3170
  1706
  1434
  1075
  3946
   539
  5378
  5298
  3641
  4449
  2684
  3197
  1797
  1531
  2128
  6083
  4731
  5632
  4475
  2710
   971
   325
   549
    59
  3936
  3481
  5727
  2177
  4521
  4993
  4897
  5559
   741
  5683
  4243
  5840
   343
  6007
  5333
  4459
  1418
   914
   307
  3045
  6086
  3974
  4722
  1160
  5648
  5032
  4001
  1247
   592
  5794
  2930
  2683
  2458
  3354
  1024
  1581
  3119
  4319
  5322
  5925
  2586
  1019
  1634
  2309
  4226
  2209
   513
   852
  5287
  5447
  3730
  5920
  4979
  4043
  5009
  5452
  3850
  4292
   603
  4051
  5661
  5662
  3859
  5024
  5346
  5974
  2092
  4266
  1391
  5112
  5113
   213
  2652
  4664
  2909
  1942
  5713
   861
  1665
  5028
  3107
  4163
   823
  3624
  2440
  3562
  4754
   478
   203
  2970
   815
  3348
  5372
  5963
   286
   127
   498
  2782
  4854
  4240
  3772
  4922
  3139
  5233
  3932
  5689
  2136
  2702
  4344
  4740
  2981
   881
   408
  2941
  3333
   522
  4657
  4625
  5568
   780
  1793
  1176
  2679
  3853
  5278
   208
  5464
  5465
   810
  1238
   584
   676
  2960
  4156
   901
  5678
  2149
  1908
  4566
   139
   238
  1542
  4201
  4655
  2670
  1755
  4939
  4114
   844
  1491
  2207
   423
  4066
  2625
  3185
  5275
  3617
  1737
  2993
   594
   271
    63
   180
   304
  3230
   981
   145
   523
   867
  2656
  4254
  5231
  6025
  1403
  1198
   316
  4810
  3183
   149
   150
   451
   750
  1226
  5037
  2410
  1487
  1860
  4109
  5477
  5866
  2598
  2599
  3222
  3006
  3007
  2553
  3839
   665
  4978
  1983
  1125
  1786
   564
   317
    49
    90
  1779
  2718
   941
  5245
  4166
  3208
  2989
  1413
  4131
  4846
  4847
    71
  5869
  2575
  2576
  4212
   156
  2597
  1810
  1811
  4988
  4970
  4971
  3951
   552
   518
  3762
  2290
   121
   209
  5420
  5406
   729
   671
  4492
  4619
  5565
  3523
  2813
  2094
  2095
  4819
   898
  1404
   674
  2323
  4830
  1157
   639
  2943
  4135
  3367
  2852
  1420
  6008
  6124
    61
  3074
  3709
  1258
  1975
  4499
  4412
  4736
  3016
  4082
  4763
  2826
   125
    36
  4142
  1229
  1930
  5772
  6084
  6109
   687
  1679
  5183
  3494
   774
  3229
   493
  6081
  6082
   767
   353
  6144
  5448
  3563
  3695
  5646
  6091
  5347
  5205
  1186
   560
  5126
  5127
  3039
   260
  3129
  2927
  3249
  1620
  4557
  2788
  1568
  5156
  4341
  5377
  3477
  2008
   463
    73
  5635
  5168
  2840
    53
    96
  5039
  5468
   499
  4431
  4357
  4100
  4662
  4220
  3741
  1068
  1069
  1998
  2479
  3610
   387
   176
   712
  2509
  2510
  2644
  6097
  1724
  2145
  4702
  4703
  1129
  2573
  3718
  3625
  5599
  1254
  5383
  3754
   196
  4699
  5054
  2014
  2438
  2439
  2765
  1565
   586
  5613
  6122
  5569
  2305
  1346
   400
   511
   177
   300
  2583
  3126
  4322
  5991
  5992
  4471
  2385
  1481
  5018
  5019
   683
  3614
  1953
  2950
  3694
   933
  4338
  2594
  3553
  1084
  3926
  3843
  3504
  5154
   257
  5760
  1379
  1575
  2391
  1227
    55
  5389
   425
   132
   133
  4184
  1831
  1513
  1514
  1580
  2436
  4983
    31
  2883
  2815
  4004
  3580
   986
  1587
  4432
   756
  5033
  5034
  1707
  2234
  3266
  1716
  1875
  2164
   245
  5182
  2108
  3142
  5895
  5896
  3642
   854
  1389
  1506
  1722
  4493
  1798
  4061
  4551
  2784
  2622
  1034
  1756
  5442
  5546
  4927
  3870
  4643
  2711
   455
   565
  4578
  2809
   907
   108
   411
  5050
  1202
  5381
  4317
  2584
  2880
  2881
  2574
  1330
  3555
  1211
   399
  1213
  1214
  4244
  5988
   256
  2165
    64
    24
  5334
  3795
  1776
  6061
  5159
   915
  1139
  2017
  1010
  4242
  4914
  4508
  2779
  2780
  2959
   548
  2139
   862
  1401
  2925
  1971
  4002
  3906
  2216
   270
  5980
   760
  5264
  3606
  1395
  3043
  1816
  2685
  1089
   512
    67
  1997
   998
  4880
  4656
  5589
  6088
  3731
  2295
  4421
  5440
  2516
   475
   206
  5682
  6009
  3374
  1386
  4519
  3842
  5315
  3070
  4275
  5877
  3364
  3076
  2230
  1412
  1946
  1537
  1538
  2174
  5340
  4814
   275
  5081
  1320
   629
  1864
  2834
  5881
  3355
  4750
  5425
   704
   322
  5317
  3125
  2044
  2527
  1842
  1843
  2762
  3949
  4691
   359
  2701
  3145
  6029
  5845
  2910
  2936
  4844
  4751
  1292
  4456
  5463
  4172
   303
  5109
  3391
  3106
  1340
  4781
  1209
   401
  4729
  2996
  2286
   479
  3579
  4646
  5012
    74
  1328
  3426
  3257
  3840
  5745
  1790
  1105
  1762
  4942
  3933
   128
   226
  3849
  2258
  2259
  4241
  5091
  5092
  5751
  2757
  1872
  3911
  3764
  5312
  5690
   250
  4126
  2407
  3261
  5950
  1374
  1375
   161
  1589
  1370
  1371
  1771
  2690
   694
  1136
  5225
  1425
  1426
  3093
  1661
  5939
  1273
  1879
   412
  1177
  1644
   801
  4989
  4560
   181
  1250
  1962
  1966
  2355
  5851
   373
  1239
  2921
   906
   982
  5786
  4855
  1461
  3521
  5679
  2281
  2483
  1283
   946
  5071
  5831
  2995
  1601
   749
   684
   992
  1598
  3841
  3210
   366
  1381
  1382
  4083
  4153
  4067
  4068
  5118
  5391
  3282
   711
  2929
  2319
  3430
  3771
  3458
  3186
  2125
  3169
  2011
  2664
  1749
    35
    65
  4990
  3801
   272
   114
  4778
  1453
  1454
  3231
   383
  4189
  1686
  2045
  1675
  1407
  3827
  2519
  4497
  4120
  5133
  5867
  5806
  2190
  1539
  1887
  2863
  4087
  4088
  3184
  6139
  5868
   205
  6142
  6155
  1117
  5038
  4342
  2191
  5658
  5548
   918
  4536
  5453
  1794
   882
  6030
  4776
  3751
  4427
  3075
  4204
  5983
  3173
  3567
  4154
  3978
  5476
  6042
  5337
  1178
  2727
   193
  3796
  4893
  5201
   160
  1147
  1148
  3899
  2377
  4165
  4572
  3388
  4415
  3856
  2990
  3335
  4524
  4103
   224
   377
  5711
    72
  5854
   722
   330
  4164
  2879
   204
  5770
  1285
  1286
  1470
  2763
  5793
   874
  2421
  3322
  5784
  5065
   673
  2071
  2072
   235
  6085
  4913
  3973
  5063
  3342
  1773
  2712
   352
  6004
  5558
  5407
  4408
  5995
  5945
  1099
  2425
   636
  1046
  5860
  5167
  4443
  4686
  1938
  2250
  1137
  3675
  4438
  4115
  4116
  1149
   768
   675
  2324
  3118
  5139
  5140
  1158
  5321
  1373
  2144
   358
   163
  4787
  4549
   619
   458
   459
  1421
  5723
   111
  1417
  2088
  3120
  5914
  5514
  2973
  4796
  5093
  4737
  3729
  5639
  4263
  4404
  3571
  2846
    12
  5095
  2362
  2116
  1043
   489
  2920
  5835
  5825
  5226
  5369
  3836
  5608
   148
   252
  1964
  2961
  1922
   775
  1740
  4300
  3479
  3480
  3952
  2253
  5595
  2696
  5902
  1390
  5817
  5304
  5996
  4920
  6110
  5756
  3255
  3937
  5707
  5710
  4591
  3350
  4533
  4081
  2367
   561
  1384
  2159
  5555
  4235
   811
   115
  4092
  4118
  2080
  3242
  3243
  5919
  5373
  5982
  1460
  4883
  4884
  1818
  1016
  4716
  1769
  2357
  2009
   464
   117
  1458
  4035
  2611
  2382
   171
  5288
  5466
   626
  5833
  5834
  4907
  3283
  4358
  5186
  4229
  4791
  3134
  3500
  2754
  3534
   710
  1163
  1708
  3329
  1803
  3017
  2314
  4770
  2997
  2413
  1166
  3791
    43
    79
  4343
  4771
  1179
  1865
  1080
  1792
   112
   195
  5618
  3332
  4876
  5892
  5074
  4531
  3271
  1767
   537
   890
  3755
   197
  1635
  2518
  5645
  2678
  5651
  4356
  4811
  4812
  3561
  1445
   207
  1884
  5115
  3683
  4835
   878
  1187
  3864
  4833
  4053
  5614
  5557
  1347
   182
  2663
   550
   506
  1735
  2661
  1681
  4323
  1376
  2933
  1556
  4472
  3384
  1223
    78
  1894
   939
  3434
   312
  3005
  2231
  4145
  4853
   934
  5492
  1856
  1857
  1345
  4721
  1725
   853
  1490
  4185
  2454
   721
  1181
  3505
  4535
  4792
   258
  1710
   233
   234
  2153
  5408
   621
   284
   957
   958
   582
    20
  1992
  3760
  1252
  2029
  1678
  4374
  4375
    83
  2452
   101
  4899
  5445
  2352
  3256
  5718
    81
    10
  1146
   541
  2336
  2337
  4504
  4448
  3871
  3872
  2446
  5363
  5364
  1306
  1307
  2620
   188
  3318
  3649
    69
  2631
  6014
  6015
   246
   450
  3102
  4308
  1788
  1789
  3773
  4010
   919
  5698
  4270
  2168
  1294
  1723
   641
   642
  2744
  3527
  1943
  3018
  1360
  6064
  5748
  1167
  4653
  5585
  4868
  1387
  5137
  5630
  5582
  2843
  1751
  1969
  2966
  1471
   695
   189
    48
  3525
  4689
  5747
  1778
  2915
  4102
  5382
  5758
  5158
  3541
  5324
  5603
  4072
  4465
  5469
   635
  3556
   870
  1909
  3892
   538
   670
  4315
  1914
  5305
  5989
  4673
  3224
     7
  5010
  2596
  1633
  2514
  5805
  6107
  3457
  6127
  5966
  2728
  1011
  5302
   551
  5954
  5878
  2746
  3648
  2814
  1573
   249
   120
   485
   808
  1870
  2845
  2186
  1284
  2010
  1972
  3969
   433
  5837
  4546
  1122
  4491
  5981
  3435
  5120
  5857
  2496
  3626
  3607
  1396
  4581
  1631
  2626
  1397
  3658
  2013
  1885
   232
  1241
  1948
  4353
  4208
   999
  4881
  5633
  2482
  5634
  5248
   638
  4889
   932
  5553
  4362
  6016
  2851
  3389
  4569
   131
  3351
  1814
  5905
  2162
  3777
  4520
  1257
  1070
   503
  5316
  4609
  3931
  5047
  2688
  4638
  3015
  5119
  1051
  1683
  1947
  1443
  2249
  1968
  1095
  4141
  3707
  1228
  4049
  4050
   276
  4955
  4991
  5482
  5529
  3980
   630
  4026
  5882
  1817
  5374
  5936
  4783
  4894
  5733
  6154
  6071
   323
  5318
   292
  4326
  5873
  5725
  4809
  1304
  1459
  2275
  2807
  3207
  3127
  5062
  2937
  2441
   606
  5300
  3878
  4755
  3576
  4047
  2824
  2825
  5846
  4098
  5594
  2326
  4821
  3922
  3811
  5574
  4948
  5454
  1548
  1549
  4677
   291
  2759
  2528
  4074
  4219
  2869
  1669
  2499
  5169
  5236
  2274
  3368
  4752
  4065
  1602
  3141
  2855
  2856
   799
  2368
   978
   979
  4607
  4428
  5587
  4867
   212
   357
  4360
    28
   501
   502
   362
   612
  1171
  3934
   221
   296
    97
  3444
  2769
  3957
  1619
  2492
  5301
  3492
  5479
  5480
  5843
  5341
  4715
  1441
  2126
   430
   723
  2221
  2660
  3765
  2478
  3432
  3433
  5955
   839
  5762
  6005
  1237
  3262
  3750
  2148
    66
  1590
  1081
  4287
  5336
  2142
   869
  5912
   569
   570
  1806
  6018
  6056
  2223
  2255
  2256
  1662
  5940
  2437
  1994
  6113
  1168
  1218
  2619
  3780
  1863
  4486
   607
   277
   369
  5141
  1287
  2792
  4009
   736
   336
  4576
  5545
  2823
  4788
  6049
   585
   170
  1945
  5767
  4022
  2490
  1469
  1484
  2733
  6128
  6044
  4856
  2278
  6065
  5164
  5470
  2582
  2484
  2485
  4335
  4336
   438
  5498
   883
  4455
   778
   344
  4803
  5354
  5976
  2292
  2293
  1244
  5044
  4036
  3421
  4018
  2129
  3175
  2156
  4084
  4530
  4268
  4269
  3091
  4297
  1282
  1783
  5392
  4478
  1164
  4012
  3944
  2246
  4031
  4032
  4614
  4908
  3150
  3459
  4391
  5426
  2237
  3323
  4373
  2012
  1574
  2867
  4106
  1640
  2525
  2157
  2158
   118
  1353
  1354
  2873
   460
   198
   297
    41
    42
  5003
  4815
  2268
  4433
  2945
  4138
   602
  3591
  2084
  2046
  2334
  3440
  2196
  3038
  4634
  1410
   678
  4885
  2400
   600
  1334
   637
  3258
   454
   966
  4667
  2214
  2215
  4059
  1264
  5171
  4390
  5444
    88
  5898
  5841
  6057
   527
  4850
  1104
  5195
  4005
   426
   776
  3666
  3667
  3628
  3629
  1712
  2627
  5266
  3298
  2747
  1436
  4903
  3490
  5629
   984
  1583
  3546
  2064
  4351
  5386
  3174
  4424
  3487
  4659
  4155
  2276
  2693
  1833
  1834
  3466
  3467
  3687
  3746
   334
  4355
  3155
   253
   254
  5254
   269
   410
  5802
  5674
  1826
  5023
  2354
  1398
  4573
  1682
  3287
  2886
  6130
  6121
  1618
  2451
   110
   119
  2388
  1659
  2093
  6106
   237
  2371
  5839
  5144
  5918
  2796
  2797
  1516
  3793
  3794
  2889
  4075
  1689
  2592
  3950
  1116
  6045
  6105
  2366
  3473
  5768
  1138
  5395
   218
   368
  3851
  3852
  2803
   236
  4992
  2284
  5744
  3000
  3343
  2457
  3584
   593
  1367
  5814
   520
   917
  4944
  2924
  1715
  2630
  2919
  4107
  4798
  4314
  3416
  3417
  1543
  3216
  3975
  4711
  1566
  4149
  5263
   688
   689
   528
   536
  2432
  2433
  2675
  5780
  1150
  2161
  1096
  1097
   817
  2052
  3595
  5819
  4505
  4396
  1839
   219
   220
  3768
  4916
  2363
  1822
  2775
  1796
  3213
  4122
  2404
   765
   282
   453
  4808
  5861
  4629
  5481
  3897
  3452
  5002
  5797
  5515
  5446
  4553
  3901
  5518
  5636
  2917
  2972
  3286
  2132
  1071
  4264
  5427
  1978
  1411
  2201
  2202
     2
  2908
  2488
  2489
  2189
  2561
  2117
   326
   147
   490
  1959
  3653
  3302
  2081
  4517
  3549
  3967
  3728
  2559
  2638
  3802
  5152
  5875
  1076
  1077
  5293
  5943
  4157
  1923
  4982
  1267
  4909
  1741
  1463
  5223
  3543
  3857
  3415
  4598
  2254
  4095
  1305
  2076
  3012
  4950
  2831
  4307
  4579
  6126
  2761
  4726
  2962
  5930
  4921
  3215
  4376
    26
    50
  3248
  5708
  3689
  4289
  5483
  5791
  5792
  4858
  5513
   928
  4843
  3300
  3301
  3217
  4023
  2504
  5294
  2491
    46
  4093
   179
  5196
   162
   273
  4296
  4447
  2951
  2952
  6150
  1085
  1208
   952
   953
  5415
  5292
   476
  4717
  3993
  2200
  1110
  1205
  5251
   773
  4645
  5847
  5921
  4034
  5136
  2383
   289
  1127
  5252
  1921
   956
   923
   924
  5924
  4494
  5489
  3284
  2633
  2677
  5901
  3133
  5145
  4178
  3034
  1688
  5903
  4735
  3410
  4078
  5041
  3535
  2676
  2166
  1844
  2621
  1185
  5497
  5329
   886
  1965
  2315
  5655
  4147
  2414
  1849
  5609
  2604
  3759
  5206
   141
  4236
  2505
  5538
  5539
   290
  2836
   507
  1078
  3004
  5681
  5855
   329
  6080
  4453
   483
   805
  5722
  4150
   545
   902
  5075
  5131
  5863
  2130
  1768
  3265
  1764
  1444
  2829
  3373
   333
   244
   530
   877
  6090
  3069
   526
   239
  2434
  2618
  2605
  1743
   855
  4532
  4728
   102
   764
   719
  1253
  5280
  5703
  2004
  3009
  1377
   659
  5647
  2335
  5352
  5353
  1642
    76
  5785
  3396
  3655
  1312
   840
  3472
  2942
  4133
  3159
  3984
  4651
  4213
   728
  1193
  1557
  3959
   579
  3962
  5719
  5649
   940
  3088
   406
   140
   667
  3315
  5222
  4430
   365
  1507
  1929
  4633
  5575
  4670
  5601
  2192
   643
  5200
  5239
   394
  4011
  3528
  4693
  4597
  3453
  3454
  1868
  3603
  1935
  2318
  4825
  4826
   436
  5399
   216
  3166
  1704
   396
  3209
  1359
   650
  2075
   126
  2535
  1308
  1540
   583
  1098
     5
    18
  4943
  2114
  3854
  6019
  6074
  4479
    84
  2453
  2776
  2949
  4143
  1233
  1234
  3456
   830
  4188
  1184
  5290
  5668
     1
  1045
  3630
  4789
   542
  2175
  3238
  4216
  4253
  2375
  2376
   335
   152
  5004
  3570
  4030
  2397
  5237
  5691
  4259
  2047
  3781
  1197
  4064
  3779
  5586
   977
  1937
  1154
  5891
  4765
  5653
   415
  5915
  5499
  3930
  2181
  2059
  2060
  1006
  2827
  2828
  2665
  3834
  2531
  3228
  5070
  1295
  4615
  2642
  3317
    30
    56
  1056
  3929
  4775
  1883
  2860
  1944
  1615
  3672
  3378
  5749
  5375
  1987
   991
  3101
  3566
  2090
  2091
   123
  6035
  5475
  2844
  5874
  2862
  1472
  3393
   318
  3736
  2251
  3341
  2079
  3105
  3722
  5871
  2260
  3010
  4209
   186
   187
  5189
  1534
  1206
  1207
  3542
  1153
   544
  5604
  2359
  4359
  3449
  2380
  3334
  4370
  3026
  3027
  2894
   130
  3886
  5016
  4316
  2899
  6055
  5531
  5457
  3310
  2904
     8
  4949
  5011
  2487
   807
  1316
  3646
  4966
  5413
  6156
  1895
  4206
  2475
  4832
  2415
  1622
  1402
  5494
  3705
  2412
  1240
   633
  1041
  5879
  1435
   763
  4079
   109
  1772
    51
    52
  1317
  2051
  3072
  4041
  3252
   846
  2704
   988
  3200
  2270
  5398
  5335
  5968
  2777
  1123
  2570
  2571
  3424
  3090
  6073
  4600
  4121
  3152
  1235
   865
  1632
  2537
  4000
  4437
  3491
  1886
   100
   461
   495
   822
  4734
  2476
  1606
  4879
  5810
  3295
  3112
  5638
  4817
  5249
   843
  6038
  5059
  4898
   432
  4363
  5490
   618
   945
  1522
  5105
   225
   891
  4747
  1416
  1333
  1714
  4516
  5913
  2402
   504
  5956
  4795
  2645
  1782
   926
   927
  4139
  2689
  2874
  4741
  2529
  3668
   577
  2006
  1003
  1711
  1871
  5210
  5211
  3338
  3983
   515
   385
   649
  2892
  2893
  4574
  4575
  4767
   467
  5644
  5800
  2610
  3769
  5917
  5813
  2279
  1038
  3835
  5313
  5621
  1251
   708
   752
  3064
  4265
  4784
  5339
  5970
  5998
  3659
  3660
  6072
   546
  4039
  4635
  5370
  5443
  6020
  5214
  3321
  4506
  3046
  4460
  3706
  3369
  3996
  2672
  1277
  5303
  2938
  3671
   996
  1496
  1281
  5008
  3254
  5830
  5926
  5432
  3808
  4048
   473
   474
  4014
  3408
  2719
  3375
  2954
  2228
  3812
  1383
   372
  3940
  5053
  4169
  5242
  5486
   487
  2853
  1854
  5663
  5652
  2870
  1327
   813
  5975
  5161
  5170
  4329
  2977
  4174
  4476
  4477
  4753
  4915
  1584
   769
  1603
  4640
  3382
  4564
  3979
  1303
  1111
  2049
   632
  1040
  4429
  5888
   116
  2607
  1702
  3883
  5013
  4381
  5414
   835
  3725
  2089
  1172
  4604
  5048
  1313
  3865
  3866
    38
  3757
  2242
  3328
  2958
  4152
  4060
  2344
  3622
  5948
  4228
  2706
  6101
  5615
  5549
  6104
  3499
  3690
  2753
  5712
  5790
  1442
   709
  6125
  6053
  1499
  2329
  2222
  5052
  3274
  4470
  4224
  5284
  5673
  6096
   910
  1475
   887
  1440
  4946
   588
  3569
    22
  4392
  5260
  3202
  3669
    25
  3611
   720
    47
  4701
  2944
  5640
  3193
   402
    62
  5394
  5993
  2048
   944
  2756
  1423
   685
  6002
  2455
  5257
  2540
  2422
  2557
  3347
  5959
  5533
   559
   925
  4350
  1918
  4761
  4762
  4926
  2832
  1020
   897
  1455
   278
   370
  4442
  4679
  3442
  4626
  2793
  4637
  3848
  4985
  1670
  1671
   337
  5567
  3383
  5279
  2544
  1042
    70
   531
  2940
  3863
  3078
  1651
  1827
  1342
  2288
  4694
  3916
  1368
  2140
  5365
  3311
  2662
  1165
  5400
  5401
  3469
  3879
  1734
  4386
  4802
  3177
  4340
  4969
  3612
   199
  4685
  5729
  5724
  1433
  1697
  2603
   157
  2477
  2358
  3462
  5285
  3627
  6115
  4250
  4251
  4328
  2976
  4273
  4274
  2317
  4019
  2555
  2556
  2498
  4498
  5036
  3409
  4681
  5535
  6135
  5556
  2903
  3264
  4462
  4488
  4723
  2723
  5931
  2837
  1846
   429
  4403
  3062
  1544
  2247
  3908
  5564
  3485
  3486
  3151
  1709
  5417
   514
  1729
   847
  2890
  1523
  3596
  4422
  3021
  3824
  3825
  2868
  1555
  2403
  3520
  3884
  3885
  3218
   824
   380
  1656
  1991
  5631
  6048
   766
  1297
  5753
  4452
  5459
  4369
  5402
  4816
  3362
  3651
  1280
   610
  5217
   990
  2085
  3067
    44
  4924
  5560
  2666
  1272
  3089
  4295
  3723
  2848
  3665
  4827
   679
  3122
  3246
  1775
  4252
  5358
  5359
  1519
  1988
  4648
  1326
  4632
  2864
  5116
  5117
  2699
  5153
   107
   601
  3881
    37
    89
  6022
  5799
  4552
  5150
   267
  3087
  3305
  2614
  4006
   556
   194
  5821
  2523
  2419
  2420
  4828
  5750
  4901
  2219
  6119
  6120
  2953
  3601
  1341
  5720
  4310
  5328
  1437
  4605
  2133
  2134
  1780
  1956
  4352
  3482
  5592
  5234
  2277
  4986
  3236
  3758
  2113
  3688
  3747
  5314
  5387
  2888
  4680
  3582
  2466
  2742
  2743
  5694
  2781
  1926
  1439
  2243
  5542
  5757
  3288
  5323
  5268
  3604
  2338
  2339
  5826
  3269
  3578
  4466
  2703
  2389
   525
  4620
  4621
  1050
  5610
  1637
  1638
   734
  3437
   166
   167
  3326
  3327
  2331
  3502
  4042
  2321
  2965
  2119
  5064
  1018
  5202
  3997
  5096
  5804
  3164
  1703
  5177
  3488
  5769
  1132
  1799
  4496
  5554
   620
   266
   449
  4194
  3994
   339
  5953
  6094
  5752
  5255
  5544
  5969
  3344
  1408
  4749
   976
   484
  1891
  4958
  1869
  2739
  5671
  4234
  4945
  5078
  5675
  1705
  2617
  3790
  6093
  5289
  5191
  4799
  1900
  2882
  2521
  4834
  4712
  2325
  4522
  3778
  2501
  3632
   191
   192
  1128
  4318
  1210
  1907
  3557
  4416
  4177
  5221
  1748
   818
  1028
  5396
  5001
  2854
  1500
  4202
  3189
  2801
  1614
  5187
  5571
   371
  3686
  2057
  5511
  3470
  1336
  1156
  6148
  3451
  4683
  2405
  4398
  5422
  5844
  4123
  5527
  4630
  2273
  5165
  3684
  5977
  2442
  3336
  5455
  3855
  3902
  5519
  3425
  4402
  2745
  3465
  4642
  1249
  1961
  5941
  5942
  1072
  3196
  3277
  4555
  1121
  6036
     3
   889
  4608
  3619
  4450
  5456
  3156
  4347
   816
  1087
  1960
  3290
  2312
  2313
  2789
  4954
  3550
  3928
  3661
  4882
   360
   164
  4965
  4848
  5680
   717
  1175
  5883
  3831
  4748
  2911
  6076
  1936
  1847
  3739
  3363
  4547
  2497
  6131
  2700
  5100
  5199
  1967
  3052
  3053
  3634
  4793
  5099
  5836
  3379
  2310
  2311
  3013
  3194
   173
  3073
  2847
  4279
  3785
  1576
  6117
   242
   106
  4377
  5742
  6037
    91
  1753
  3593
  5893
  3575
  2340
  3445
  2546
  3165
  3966
  5107
  4661
  1124
  1029
   482
  6100
  6059
  4495
  5573
  4947
   328
   555
  5944
  2923
  3066
  2016
  4073
   997
   468
  3995
  5108
  4928
  4623
  4146
  6151
  4162
  1086
  5732
  5419
  3786
  2871
  3377
  4559
  3140
  5625
  4207
  2503
  1610
   783
  1263
  4606
  6123
  6152
  4446
  2866
  4727
  5590
  3650
    27
  1067
   302
   510
  5066
   361
  2341
  3446
   447
  3800
  2141
  1494
  4929
   175
  1091
  1738
  6031
  3149
  3443
  2634
  1815
   587
   965
  5588
  1362
  2131
   574
   262
  2449
  3035
  5000
  1438
   833
  1858
  4097
  5089
  5042
  1995
  3548
  2811
  2167
  2808
  3782
  3783
   255
  3674
  3721
  4195
  6092
  5142
  3536
  1717
  4934
  2378
  2379
  1222
  1509
  4910
  5908
   241
  3749
  1449
  2506
  5496
  5500
   129
   658
   230
  3082
   413
   414
  2067
  3092
  4192
  5259
  5856
  5999
  6032
  4542
  4668
  4298
  5138
  6023
  6017
  3339
  3340
  5952
  1462
  5779
  4058
  6137
  3644
  4805
  6147
  2830
  3040
  1627
   563
   562
   929
  1343
  1422
  1275
  1131
   701
   702
   240
  4818
  3240
  1352
   789
  2395
  2396
   856
  2770
  3598
  1521
  2522
   477
   795
  4090
  5174
   443
  3253
  1757
  3146
  3147
   301
  4193
  5766
  1191
  1837
  1838
  3918
  4523
    77
  5272
   395
  2055
  3270
  4467
  3400
  4507
  3135
  3345
  3346
  2896
  4666
  5911
  4957
    82
    32
  1910
  5967
  4837
   265
  5798
  2465
  5650
  1515
  4305
  2472
  3599
    57
  3998
  4502
  1243
  5916
  3324
   274
   122
  1361
  5162
  4866
  5433
  5434
  3260
   644
  3873
  5736
  5660
  5240
  2066
  4111
  4951
  5612
  1130
   533
  3633
  2841
  2822
  2002
   837
  1349
  2109
  4337
   733
  1652
    93
  4020
  3095
   668
  5056
  4417
  2236
   599
   713
  5384
  4249
  1309
  2384
   962
  1639
   138
     6
  5157
  4890
  2115
  5685
  2713
   151
   103
  2715
  6024
  4996
  4997
  3691
  2502
  5246
  1949
   529
  6129
  6108
  1553
   754
  2423
  4231
     4
  1502
  3124
  2025
  5737
  5738
  3022
  2707
   313
   314
  4444
  4445
  5759
  5838
   153
   356
  2581
  3512
  3711
  3068
  3496
  3904
  6116
  2963
   759
  1242
  4678
  1155
  2307
  3411
  6010
  5181
  2176
  1859
  2738
  2235
  4096
  3086
  4706
  4707
  4017
  2220
  3299
  3939
   466
  2188
  2558
  4418
  4419
  2027
  5286
    85
    86
  2802
  2238
  2239
  4334
  2590
  1687
  2218
  4509
  4820
  3056
  4128
  2939
  3489
   786
   646
   647
   465
  2058
  3083
  2018
  2019
   792
  5849
  1759
  4071
  4738
  5637
  5130
  3829
  2294
  3154
  1182
   557
   558
  2810
  2087
   885
  1429
  1430
   315
  4070
  4054
  1903
  3708
  2077
  2381
  5424
  4371
  2615
  2931
  4223
  1658
  1004
  1427
  2224
  5362
  4086
  1473
  1474
  4540
  3860
  4565
  1667
  2563
  4094
  2526
  4013
  3774
  2062
   682
  1064
  5244
  1896
  1525
  4719
  5628
  2252
  2416
   217
   920
   427
  3923
  4217
   532
   880
  1578
  1579
  5552
  1668
   691
  1465
  2957
  2456
  3588
  5439
    95
  1366
  4650
  4040
  4278
   519
   947
   508
  2705
  4599
   989
  4365
  5397
  2271
  3008
  4205
  2015
  1009
  2778
  5654
  1784
  3715
  2629
  5620
  2426
  2654
  5734
  3153
  1428
  1501
  2333
   866
  2513
  4158
  4159
  4160
  4304
  3717
   814
  1533
  1517
   943
  4527
  5261
  3097
  4303
   407
  1323
   631
  3113
  5273
   481
  3559
  2609
  4616
  4617
   374
   375
  4772
  1145
  1795
  4886
  5491
  2783
  1457
  5106
   379
  3813
  3868
  3511
  3787
  5262
  5532
  4225
  4905
   441
   875
  3568
  4732
  1497
  4140
  2916
  3727
  1974
  2875
  5423
   178
   954
  2709
  4692
  5510
  2794
  4112
   516
  2078
  1066
  4594
  5357
  4080
  3179
  4198
   777
  5410
  3158
  1700
  4918
  3976
  5088
  4489
  3530
  1664
  2637
  5505
  5178
   571
   832
  1355
  1230
   743
  1215
  6112
  5938
  5572
  6052
  3948
  3292
  3293
  3385
  2795
   903
  5947
  4801
  4636
  5299
  2806
  4260
  4261
  5215
  1612
  2480
  3047
   800
  4977
  2226
  2227
  1862
  5110
  4306
  3296
  3297
  1278
  4872
  4669
  4129
  3673
  5619
   469
  5827
  6134
  5775
  4290
  4291
  2146
  5146
  2547
  4285
  4286
   790
  4592
  5282
  3376
  2568
  2229
  3820
  4900
  1636
   627
  5824
  4170
  4161
  3900
  4272
  2532
  1855
  4891
  3428
  5238
  4937
  4938
  2418
  1913
  2898
  1204
  3554
   770
  5350
  5579
  1112
  1770
  5536
  4611
  2040
  5030
  3294
  3111
  5281
  5098
  6026
  6012
  4033
  2203
  2204
  3935
  1126
  5017
  3275
  1048
  1483
  1720
   841
  5822
  5706
  3623
    13
  5522
  3223
  2327
  3436
  1973
  4534
  2343
  1745
  1063
  1698
  2887
  2102
  5735
  1985
  2986
  4562
  4136
  4705
  5923
  5073
  3359
  2891
  4077
  5876
  2248
  1819
  1820
  2541
  3679
  5910
   535
   243
  3137
  4474
  5474
  5937
  5014
  3272
  5593
  4511
  4512
  2297
  2244
  3191
  5777
   589
    21
  2445
  4758
  3585
  5462
  6000
  6070
  3602
  3320
  1613
    87
  5049
  5761
  1562
   656
  4760
   183
  1001
   680
  5932
  1520
  3558
  3943
  4024
  4025
  5367
  1265
  3337
  5031
  2330
  5450
  4824
  1495
  2097
  3130
  2725
  1062
  1159
  2269
   470
   624
   705
  2964
  1577
  4973
  4974
  5269
  3234
  1571
  3987
  3988
  3735
  2569
  1836
   718
  3620
   488
  3357
  2650
  4561
  2208
  1321
  4641
   448
   748
  3065
  4733
  3312
  5203
  5180
  1904
  3471
  3880
  5642
  6089
  3178
  1115
  1774
  5781
  4382
   727
  3114
  3115
  2233
  2773
  5006
  5007
   158
  4571
  4998
  4999
  2169
  5731
  3313
  4233
  5291
  1954
   973
  1180
  2601
  3699
  3506
  1464
  3303
  1000
  4823
  5692
  3905
  5484
  1835
  2444
  3063
  3882
  1232
  4037
  5114
  4388
  4389
  6051
  5962
  6003
  2998
  2500
   391
  1274
  1996
   737
  3547
  3874
  1524
   200
   338
  4167
   416
   699
  2225
  1733
  2680
  1657
  4354
  1800
  1488
  5741
  5934
  5717
  4089
  5172
  3818
  5687
  4544
  4545
  1952
  3652
   611
  1594
  5643
  1183
  3405
  2471
  5274
  3613
  5561
  1044
  5344
  3724
  1393
  4454
  4364
  5695
  3123
  4091
   871
  5069
  5338
  1989
  5809
  4483
  1518
  2356
  3028
  3029
  2179
  5015
  1196
  2533
  5755
  1963
   354
   355
   159
  4764
  5900
  5151
  5267
  4963
  4964
  1655
  4293
  4923
  4221
  4595
  5393
  2741
  2524
  4134
  2956
  5696
  6039
  5327
  3143
  3431
  3732
  2096
  3618
  2001
    15
  4325
  5368
  5965
  2240
  2835
  4179
  4180
  4665
   974
  3475
  3476
  4840
  3714
  5051
   850
  3237
  4845
  4628
  2463
  3590
  5388
  3392
  2729
  2280
  3057
  4257
  3239
  2005
  5076
  3121
  4457
  3605
  1192
  5057
  2587
  1337
  4782
  3390
  5566
  4127
  2708
  4912
  1876
  6068
   876
  1260
   849
   392
  2332
  4700
  3693
  1065
  5828
   806
  4618
  3887
  2291
  3819
  4277
  2731
  5247
  5811
  1917
    75
   135
  5097
  2073
  4003
  3235
  3450
  3306
   332
  3583
   677
  3279
  1572
  4888
  4768
  1892
  4959
  1310
  4214
  2740
  3259
   509
   340
   442
  5676
  1093
  4660
  3199
  1082
  1083
  5702
  4366
  4015
  4016
   500
   227
  6033
  2424
  3545
  4972
  5256
  2124
  1680
  2580
  4790
  4104
   324
  1791
   755
  3314
   168
   283
  2536
  3737
  2681
  1332
   494
   725
  4203
  4461
  2971
  2613
  1002
  1609
  4055
   625
   842
  3011
  4742
  4743
   580
  5803
   184
  2994
  3645
  3522
  1298
  1319
  2086
  3116
   819
  2056
  5927
  5928
  4397
  5526
  4410
  3225
  3226
  1005
  4585
  2817
  5581
  3030
  4688
  5607
  1713
  1721
  4183
  5250
     9
  2842
  1493
  4777
  1452
   698
   228
  1329
  4647
  2032
  3048
  5104
    14
  1593
  2182
  2790
  4718
  1701
  1801
  3662
  5224
  3003
  1607
   165
  2417
  3540
  4849
  4256
  3273
  2211
  5884
  3832
   421
  5121
  2461
  2043
   909
  1746
  1747
  5029
  1289
  2267
  3361
  2979
  3847
   980
  4038
  2065
  5667
  4500
  4426
  2748
  2749
  3380
  3418
   174
   985
   462
  2918
  1758
  3544
  1754
  5502
  3894
  5020
  5656
  4622
  5361
  5774
  2554
  1318
  4627
   948
   949
  3639
  4800
  2304
  5730
  6063
  1785
   831
  1406
  2195
  6060
  2551
  5591
  6028
   155
   261
   403
   404
  4932
  3913
  2099
  1878
  5684
  4877
  4892
  4276
  5850
  6050
  5763
  1730
  4870
  5207
  2974
  1259
  1976
  3635
  1676
  1677
  2283
  4186
  4961
  4687
  1982
  3956
  4309
  4871
  1510
  2033
  5421
  5801
   739
  2984
  1824
  4299
  3420
  6102
  2320
  4930
  4199
  5832
  1696
  2241
  2517
  3797
  5978
  4652
  1552
  1231
  3117
  2450
  5451
  4230
    98
  1648
  2539
   834
  4593
  3371
  5504
  3227
  1190
  3713
  3752
  4904
  4931
  4865
  5418
  3792
  5449
  5672
  4312
  4313
   879
   223
   376
  1348
  2768
  2411
  3531
  3187
  3701
  2069
  2906
  2530
  3924
  5501
   428
  3631
  2021
    99
  3889
  3526
  4690
   697
  4887
    33
  4589
  4590
  3638
  2912
  5355
  5460
  3276
   960
   961
  4713
  4439
  4440
    94
  5102
  4267
   931
   785
  5812
  5623
  2515
  1151
   405
  3241
  3441
   581
   959
  1392
  1448
  2022
  2399
   738
   456
   457
  3964
  3965
  4484
  4485
  3770
  3565
  2467
  2266
  2800
  5507
  4480
  4481
  3077
   787
  1920
  2907
  1338
  3136
  4385
  4577
  2897
  4339
  1118
  1119
  4838
  5212
  5669
  2353
   796
   367
    11
    23
   812
  4813
  4327
  4423
   758
  1161
  1162
  5880
  3304
   916
  1482
  1059
  6145
  2616
  3776
  5523
  2217
  5885
  5124
  2003
  3144
  4406
  1201
  4624
  3176
  3096
  1094
  5243
  3942
  4644
    19
  2983
  5209
  5493
  2050
  1554
  3493
  1546
  3744
  5922
  6143
  4567
  2833
  1414
  5765
  4368
  1732
  2657
  4639
  5578
  3532
  6046
  5320
  1291
   444
   445
  5754
  5617
  5960
  5360
  4232
  3775
  5580
  1356
  1357
  1608
  5715
  1617
  3497
  4676
  4331
  3663
  3656
  5135
  4976
   259
  4785
  2991
  4190
  3692
  3712
  1325
  4271
  5155
   802
   803
  4510
  1752
  3394
  3395
  1431
  2007
  1957
  4807
  5577
  5123
  5046
  5160
  1036
  1037
   349
   350
  4057
  2658
   154
  1466
  5626
  5101
  2591
  1880
  3821
  1585
  1586
  2173
  3789
  5563
  2373
  2608
  4288
   393
  5746
  6062
  3406
  4587
  2507
  3397
  1133
  5111
  1047
  3955
  1899
  1225
  5125
  3109
  3912
  5216
  2198
  3592
   311
  1570
  1055
  2082
  3110
  2296
  4541
   364
  3861
  5795
  5176
  3501
  4238
  5297
  4464
  4008
  1170
  1017
  5471
  5472
  1699
  3572
  6001
  2878
  5946
  3539
  5816
   309
   310
  2306
  2565
  5985
   692
  3657
  2735
  1511
  3495
  4463
   169
  1033
  2635
  4878
  5726
  5060
  3019
  3020
  5021
  5345
  3061
  4262
  5163
  3366
  6141
   201
   202
  3560
  2724
  2520
  4794
  1380
  1625
   279
   471
   419
   547
   904
   634
   836
  3439
  5235
  2083
  2804
  4311
  2736
  3921
  5241
  3098
  5055
  4101
   942
  3968
  4671
  1980
  2980
  4773
  2585
  2595
  5616
  2347
  3517
  4714
  3214
  5714
  3814
  3192
  4168
  4196
  2427
  1248
  5740
  2316
  4588
  3464
  4441
  5570
  5467
  3876
  4175
  4554
   888
  5306
  5597
   857
  3247
  2686
  4330
  4294
   663
  3180
  3289
  4027
   781
  1691
  3538
  2785
  4490
  2578
  2511
  2560
  5796
  5664
  5179
   716
  4258
  2054
  2118
  1931
  3071
  1646
  1915
  5276
   382
   645
  5815
  5503
  5521
  1363
  3041
  3447
  1276
  2000
  1302
  2038
  5319
  5080
  1588
   771
  3463
  1901
   662
  5852
  4603
  3429
  2624
   285
  5356
  5776
   747
  1221
  2947
  2147
  1505
  4568
  3049
  1288
  2123
  5520
  5935
  4558
  5213
   797
  1032
  6133
  6006
  4320
   327
  2694
  2695
  2212
  4967
  5331
  4222
  3386
  3387
  5087
  4841
  4085
  1840
  1841
  3263
  5600
  4420
  4612
  1626
  3058
   497
   825
  1673
  2030
  2850
  5699
  1049
   715
   388
  6047
  1203
  1897
  1090
  3947
  5602
  2328
  3448
  4631
  1141
   348
  1432
  2232
  4596
  3205
  2392
  3564
  4137
  2946
  2751
  3267
  3268
  3360
  5403
  5807
  5461
   970
  1561
  1807
  5506
  4227
  5437
  5412
  2913
  3138
  2577
  5598
  3330
  4933
  3720
   969
  4895
  3586
  4210
  4076
  1299
  2245
  2481
   390
  5429
  5430
  6095
  3081
  3914
  3915
   681
  5933
  5411
  5438
  4124
  1266
  5951
  1188
  3059
  2298
  1825
  2470
   782
  1027
  4935
  4425
  4917
   788
  1489
  2070
  3597
  3621
  2902
   222
  3358
  4968
  5405
  4399
  1322
   859
   860
  1692
  5271
  1060
  1905
  2199
  5184
  5185
  6153
  4383
  2859
  1503
   921
  5957
  2120
  2121
  2464
  2023
  2548
  4503
  5495
  3099
  6066
  5627
  2602
  2987
  4187
  1787
  5061
  2922
  5485
  3803
  2623
  2206
  2821
  3804
  4952
  4836
  5310
  4925
  4237
  5409
  5005
  6021
   572
  4215
  3577
   137
  2552
  1605
  2469
  5890
  6099
  2473
  3600
  5342
  5311
  4349
  5043
  5961
  5657
  4759
  3589
  5973
  2024
  5665
  2901
  4197
  3220
  5551
  3307
  4324
  5537
  2639
  2640
   211
   452
  3460
   210
  3518
  2180
  1189
   268
  1486
  3162
  5596
  5534
  4117
  1984
  3507
  1663
  3309
  1761
  1560
   740
  3372
  4556
  5716
  5143
  3325
   975
  4649
  3245
   851
  1103
  5270
  3573
  4247
  3700
  2068
  2730
  5576
  5122
  5077
  4321
  5090
  4766
  1882
  6054
  5743
  1877
  2812
  2098
  3763
  1261
  3738
  4859
  3438
  4387
  2063
  1641
  5550
  5277
  5416
  1088
  5366
  2732
  5385
  1902
  2885
   231
   281
  4769
  1628
  2632
  3478
  5622
  3925
  1101
  1760
  3161
  5253
  5085
  1728
  4280
  4148
  3042
  5611
  4981
   295
  3726
  5134
  5488
  4105
  2322
  1881
  3352
   726
  1977
  1979
  1054
  2474
  4056
  2978
  1611
  3201
  5641
  4468
  4550
  3032
  1742
  1030
  2692
   757
  2717
  3898
  1744
  3104
  2818
  4144
  2628
  4839
  5525
  1485
   319
  3920
   793
   794
  3103
  5296
  5530
    29
  4822
  2786
  5022
  5808
  3529
  4936
  3181
  2351
  3533
  4698
  6079
   868
  1409
  3640
  2646
  1270
   742
  4869
  3958
   614
  4543
  5897
   838
  1364
  2805
  4501
   491
  3455
  4563
  4601
   480
  1861
  5376
  5958
  5986
  4704
  2687
   652
   298
  4346
  1653
  2545
   628
  1654
  1528
  3167
   809
  5258
  5094
  5562
  4539
  1828
  2716
  3427
  5764
  2653
  1599
  3281
  2042
  5208
   735
  5859
  3280
  4851
  4487
  3719
  2034
  4151
  4361
  3919
  3981
  3982
  5783
  5265
  4537
  3680
  5584
  2401
  1344
  5148
  1893
  1874
  2849
  3419
  1358
  3516
  3356
  5084
  4580
  1650
  3461
  1898
  3989
  1135
  4407
  2137
  4875
  5721
  5072
  3869
  2187
  2390
  3503
  1536
  6069
  1012
    39
  4842
  4284
  5332
  4393
   655
  3828
  2435
  4473
  6027
  5739
  1545
  2698
  1405
  6058
   707
  5820
  3168
  2549
  2550
  1541
   762
  5175
  5295
  2468
  3896
  3404
  3033
  4896
  2350
  4745
  3498
  1924
  1468
  5404
  5670
  4570
  2975
  4672
  4980
  3037
  2408
  5309
  5192
  1645
  6146
  2443
  5789
  3414
  4345
   615
  4302
  1624
  3468
  4282
  4663
   247
  3079
  1415
  4906
  1694
  1695
  1623
  3664
  1951
  3990
  2372
   744
  2301
  6075
  2122
  3587
  1315
  2061
  2588
   437
  4052
  4873
  1399
  5326
   287
  1530
  2647
  3815
  1958
  6040
  5728
  1569
  2462
   590
  2659
   104
   706
   922
  1467
  1477
   951
   664
  2872
  6140
  2041
  2861
  2508
  4372
  1279
  1934
  2928
  5035
  1296
  2028
  3643
  4804
  5045
   608
   609
  3131
  6067
  5516
  2816
  1731
  3685
  5894
  1173
  1174
  5688
  2300
   553
  4586
  2606
  1643
  2612
    40
  1993
   524
   331
  3798
   144
  4378
  3888
  2150
  2999
  1604
  2820
  3907
  3036
  2374
  1672
   784
  2589
  5067
  4367
  2600
   772
  3080
  4756
  4757
   492
  2538
  3316
  4414
  5436
  4538
  5343
  2031
  4384
  4246
  1385
  2160
  3608
  3609
  2512
  3704
  1564
  5190
  4255
  3157
   420
  1369
  5441
  3826
  3514
  1933
  2135
  3002
  5478
  5700
  3219
  5086
  5524
  4514
   826
   381
  4613
  1928
  3893
  2948
  3519
  3050
  5971
  5972
  5528
   798
  3108
  2213
  3594
  4911
   185
  1246
  1955
  1674
  1498
   389
  5197
  5701
   288
  1216
  1916
   505
  1113
  1114
  3206
    54
  1563
  1647
  5997
  3051
  3816
  4400
  5188
  3212
  4515
  1559
  2138
  5349
   746
   993
  1271
  4007
  6011
  4333
  6013
  1850
  1851
  1986
  3823
  2154
  2771
  3060
  5508
  3403
  3822
  3963
   905
  4332
  5782
  4860
  1314
  1492
  3756
  3817
  4710
   554
  2858
  3615
  3681
  2982
  4602
  5858
  6136
  1504
   143
  2194
  2386
  5079
  5380
  3353
  2183
  4874
  4513
  4248
  3172
  5583
  2900
  2155
  2302
  5787
  3698
  4857
  1224
  5149
  4852
  1873
  2197
  5487
  5889
  4654
  5771
  4401
  2036
  3054
  2955
  2772
  5842
  3647
   622
   623
  5677
  2649
  1022
  1023
   724
  1013
  1551
   753
  6087
  1262
  4469
  2671
  1031
  3788
  3537
  3515
  5431
  3182
  1079
   280
  5517
  3697
  3160
  4902
   299
  3163
  2387
  2369
  1925
  3972
  1014
  1649
   657
  4245
  2163
   347
  3291
  3999
  3676
  6118
  3422
  3423
  2361
  1102
  3733
   994
  3171
  2534
  1927
  2193
  3971
  2360
  3654
   616
  5348
  4283
  3308
  6041
  3830
   105
  1476
  5872
  5218
  1479
  5068
  1026
  5040
  5818
  3833
  3581
   486
  2572
  3716
  3734
  5473
  2035
  1480
  2914

