 2     2  6156  6156
   133
   153
   187
   211
   223
    89
   254
    77
   302
   310
   339
   350
   370
    33
   414
   423
    28
   469
   495
   504
    21
    52
   561
    57
   586
    61
   619
    42
   666
   681
   692
    25
    49
   743
   764
   775
   807
   818
   197
    94
   861
    17
   896
   915
   177
   943
   110
   961
    14
  1004
  1013
    74
  1058
  1077
  1086
   105
   740
  1127
   138
  1158
    86
  1192
   660
   262
   148
  1244
  1261
   158
  1301
   461
   503
   167
  1357
    22
  1391
   261
   107
  1417
  1442
  1218
   574
  1477
  1485
   192
  1514
    26
  1144
   419
   123
  1579
  1019
  1608
   479
   130
  1662
  1682
  1686
   719
  1715
   439
   228
  1761
   398
  1768
   236
   724
     8
  1149
  1553
   150
  1859
   647
  1877
  1905
   866
   116
   258
  1841
  1937
  1947
   266
  1974
     6
  2009
  1194
   366
  2049
   281
  2078
    40
  2051
   353
   179
   800
  2158
  1989
  2182
   184
   117
   109
  2231
  2242
  2259
   314
  1549
   448
  2295
   323
  2315
    47
  2181
  2346
   202
  2368
  1232
  2376
   936
   208
   545
  2423
  2433
  2453
  1741
  2468
   355
  2494
   220
  2524
  2543
  2135
  2571
  2511
   326
   375
  2619
  2094
   384
  2647
     1
  2679
   442
  2691
  2701
    59
  2717
  1005
   246
  2762
  2773
  2780
  2793
   251
  2818
  2825
  1476
  2220
   428
   260
  2884
   435
   413
     2
   424
  2913
  2919
  2927
  2938
    68
  1921
  2422
   278
  1887
  3007
   560
  1632
  3037
  3050
   474
  2099
    72
  3099
  3102
   294
  3129
  2334
  3141
  2888
   299
  3186
   841
   513
   751
  3226
   509
  2344
    56
  1677
  3276
  1179
   523
  3301
  3312
  2080
   530
  3349
     3
  3285
   528
   556
  3395
    84
   558
  3420
   332
   422
  3444
  1235
   139
  3472
  1578
   443
   347
  3484
   181
  3160
   348
  3510
  3519
  3538
  1236
  1854
   589
  1718
  3576
  1164
   598
  2661
     4
   325
  3621
   364
  3642
  1286
  3660
  3515
  3678
  1481
   623
  3712
   951
  3720
   632
  1934
     5
  2068
  3767
  3775
  2219
   101
  1523
  1379
   395
  3832
  3840
  3848
  1668
  3864
   670
   222
   404
  2797
   521
  2448
   411
  3647
  3940
  2493
  2816
    34
  1603
   696
  3941
    65
  1664
  3048
   822
  1574
   710
  4034
  3279
  4045
     7
  4058
  2804
  3569
  1268
   731
  4084
   445
   712
  2372
   321
  4097
  3988
  4105
   747
    64
   121
  3339
   459
   784
   352
  2609
  4165
   466
  3861
  1128
  3480
  1089
  1415
  2300
   780
  4224
   128
  4229
   789
  4244
  4264
  3803
   485
  4286
  4031
  4265
  2145
   492
  4316
  4323
  1071
   379
  1666
  2851
   585
  4208
    45
  4380
  4386
  2198
   290
   836
  4382
  1083
  4419
   845
  4429
     9
  3957
  1449
   520
  2965
   715
  3875
  1519
  1278
    10
  3230
  4492
  1709
  4412
   876
  2951
   144
  4529
  1398
   542
  3529
  3853
   824
  3492
  1925
  3563
   901
  4050
   554
  3298
   425
   249
  4599
    39
  1306
  1387
  2303
  1186
   927
  4630
   570
  4162
  3460
  4404
  1092
   240
   308
   264
    76
  1917
    11
  1784
  3350
   583
  4672
  2426
    60
  3838
   344
  3960
  3331
  4709
   968
  4719
    12
  2268
  1652
  3882
  4737
   983
  4748
   165
  4242
  1148
   611
  4767
  4490
  1767
  1195
   616
  4799
  1733
  1213
  4818
  1018
  4831
  1595
   622
  1025
  1601
    13
   862
  1109
  3397
  1712
  1039
   102
   174
  4892
   494
   644
   227
  3300
  4874
   225
  1516
  2914
  1063
  1674
   656
  4945
  4948
  3077
  4190
   663
  4410
  4971
  4974
  3821
   605
  4750
  1091
  4993
   594
  2076
   103
  1522
  3313
   440
  3533
   452
  1085
   988
  1114
   508
   689
  1594
  2201
  5042
  5049
  4884
  5058
  1132
   954
   700
   397
  5080
    15
  2657
  3211
   707
  1773
  1486
    48
  3167
  2357
   263
  1162
  4368
    16
  5121
   426
  3499
  4016
  1177
  3295
   728
  5147
  5151
  3217
  2905
  4632
  4042
  1197
  5162
   200
  2760
    85
  2952
  1234
   640
  3466
  1214
  2662
   268
   421
  1220
  2363
   146
  3846
  1055
    32
  1923
   573
   761
  3752
  2236
  2763
  1090
  1706
  1959
  1249
  1137
   772
  3565
  5249
   354
  2029
   516
  4246
  1266
  5206
   932
  2926
  1146
  5055
    18
  1633
  3468
  4585
  5287
   218
   318
  5300
   798
   374
  2159
  2970
   804
  2312
  5330
  4073
  1495
   638
  1499
  1315
  1758
   815
  1550
  1371
  5359
  3219
  4514
  1377
   864
  1183
  3670
   340
  1355
    19
  4267
  5385
   834
  5001
  2810
  5410
  2137
  1956
  5176
   489
  3291
    20
  1839
  2355
  2307
  1527
  1375
  4555
   234
  2119
  1890
   856
   790
  4619
  5454
   441
  1012
   745
  5462
   454
   631
  4307
  1367
  5472
  1406
  5340
   873
   737
  5485
  4086
  5488
   726
  1421
  3908
   244
  4494
  5497
   889
  5505
  1941
  5471
   342
   282
   536
  2715
   820
  1687
  1454
  2170
  1464
  1555
  1763
   159
  4730
  5540
   912
   124
   642
   307
   850
  2487
   882
  1480
  1161
   924
  4557
  4129
  4008
  2692
  2222
  3147
  1281
  3953
    23
  1462
  3384
   940
  5576
  1702
   301
  4879
  2359
  1928
  1518
  3200
    24
   890
  3760
   319
  3448
  4006
  3490
   903
  1600
  2713
  1742
  3463
  1544
  1647
  2282
   293
  2943
  1182
  5047
  1557
  4794
   272
  5623
  5624
   831
   161
   502
  2515
  1983
  2210
  1305
  1123
   276
  1242
  3813
   994
  5344
  4361
  2644
  4111
  1001
  4359
  3891
  4891
  4714
  1807
  1490
  1612
  5466
   126
  3754
   806
  1901
   517
  1624
  2077
  3923
  4278
    27
  3414
  2641
  1446
   723
   982
   288
  4613
  5402
  1037
  4255
  5101
  4194
   284
  4220
  1802
   519
   292
  3932
  1119
  1051
  4917
   539
  5419
   173
  5690
  5086
  1806
  2446
  4103
  1689
  3956
  4447
    35
  1697
  5749
   112
   835
  1074
  1988
  1084
  5646
  1166
  2873
  2249
  1719
  2902
   947
  3899
  4357
  3744
   974
  3089
  1152
  3822
  2400
  1737
  5790
    29
  3043
  1289
  5031
  1447
  1105
  1876
  3925
  1679
  4581
  1111
  5706
  5548
  2008
  3598
  4014
   320
    30
  4554
  3574
  1124
  3306
  4958
  1327
  2969
   386
  3651
  1789
  5095
  2632
  2326
  1798
  4918
    31
  3441
  5830
  2531
  1396
   527
  5835
  1150
  2709
  4745
  2756
  1190
   580
  3122
   346
  1302
  3073
  1838
   113
  5311
  2726
  1843
  4449
   328
    87
  1607
  1174
   194
   253
  2724
  5262
  2829
  2065
  1862
  5866
    98
  1021
   624
  1189
  2350
  5777
  2992
  2452
  2252
  3944
  1881
  4091
  2910
  1131
  1534
  4400
   337
  1336
  4658
  1209
  3079
  2005
   566
   393
  1283
   658
  5281
   388
  5893
  1913
  3551
  1692
  5222
   938
  1219
  2960
   237
   548
  2168
  2627
   239
  4500
  5665
  1438
  1241
  2192
  4295
  4760
  5194
  1912
  5604
  1952
  5418
   449
  2962
  1960
  3252
  5727
  2046
  1258
  5232
  2630
  4504
  2011
   894
  1121
  5386
  1410
  1985
  2512
    36
  1797
  3360
  1330
  3390
  1776
  5375
   362
   567
  5933
  1284
  3297
  4934
  1433
  5152
   602
  1450
  2012
  5795
  1295
   955
  1726
  3027
  5512
    93
  1992
  3695
  1343
  5958
  2036
  3146
  1309
  2157
  3235
  3750
  4675
  1669
   210
  5726
  2659
  3696
  2060
  1868
    37
  4621
  1326
  3262
   981
  4392
  4761
  3277
  1710
  2695
   941
  3857
  1117
  1050
    38
  3234
   155
  3354
   382
  4358
  5255
  1349
  3259
  5132
  2332
  5989
   766
  1191
  4528
  2821
  5165
  5998
  2121
  2151
  1141
  1369
  1335
   389
  2542
  1405
  1372
  5333
  4519
  1909
  1587
  2226
  2147
  5468
  1834
  1384
  3452
  3418
  2746
  3904
   603
   100
  4341
  4667
  3839
  4040
  2171
  2508
  4375
   886
  1334
  2594
  2039
  3066
    41
   986
  1756
  4814
  2194
  1673
   115
  5437
  2409
   248
  5608
   415
  2576
  5455
  1272
  2459
  2450
  1874
  2215
   409
  3854
  1298
  1432
  3811
  4177
  4746
  5808
  1439
  2120
  3831
  2466
  2265
  4904
  4684
  2247
  5351
   378
  2767
  6041
   913
  1852
  1605
  5451
  2267
  2274
    43
  4594
  1546
  3436
  5793
  2277
  4048
  6048
   451
  1691
  3238
  5536
  1474
  5785
  3643
  3317
  4656
  2197
  2298
  2672
  1156
  3409
  2301
  1260
    44
  5078
  2069
  1491
   906
   964
   857
   111
  5829
   575
  2319
   787
  1824
  2324
  2831
   433
  3427
  3972
  1294
  4707
  2510
  5277
  3486
  1511
  2496
  2893
  2618
   470
  2923
  2351
  1520
   242
  4422
  1216
  1968
    46
  5493
  1942
  2225
  1271
  1517
  3088
  1792
  6072
  1820
  2383
  1539
  2669
  3245
  5685
  5874
   311
  1353
  3250
  5697
  1331
  1263
  4739
  1053
   333
    81
  4061
  3931
  4280
  4850
  2405
   238
   457
  5775
  5873
  1570
  3176
  2894
  5009
  4893
  1577
  4741
  1754
  3556
  6063
   265
  2435
   584
   273
   464
  2978
  5173
  1592
  4841
  3919
  1251
  1126
   514
  3025
  2813
  3481
  5574
   477
   817
  4137
  2953
  4513
  3483
  2424
  2472
  1287
  2759
   686
  2479
  4677
    50
  4099
  1621
  2102
  5907
  2886
  1024
  4052
  5657
  2499
    62
    51
  3247
  5818
  1265
  5899
  2694
  1640
  4955
  3215
   680
  1650
  2038
  2529
  1755
   483
   785
  2306
  5688
  4742
  4308
  1659
  6107
  3819
  2584
  5970
  4427
  5449
  2556
   420
  3699
  3708
   490
  6033
  1585
  3847
  4517
  2917
  3722
  5703
  1835
  2066
  1047
  3669
  2583
  1168
  3143
  1023
  1738
   925
  1583
  5813
  5225
  2591
   127
    53
  1356
  1810
  5887
  3256
  2602
  2972
  4511
  1707
  2981
  5615
  4510
  3969
  5879
  3326
  3844
   679
  6120
  1658
  1584
  2624
   843
  2635
    54
  3701
  3909
  1727
  4542
   628
  2663
   734
  3727
   752
   544
  1563
    55
  2573
  6127
  1801
  3237
  5987
  2517
  1747
  4790
  1889
  3856
  1536
  2256
   162
   201
  5417
  5117
  2183
  1826
  2264
  5120
  2139
  1365
  2553
   821
   683
  3876
  5965
  2705
  3667
  4607
  2711
  1062
  1779
   678
  3534
  4240
  1783
  3704
  4855
  2184
  3617
  2328
   868
  3835
  3991
  2732
   625
    58
  4003
  5487
   376
  2968
  2743
  4576
   537
  3012
  4157
  1811
  3949
  4113
  3139
  4716
  2180
  3700
   540
  4803
  4214
  1167
  3497
  1825
  1818
  3602
  3442
  2302
   701
  2776
  4935
  4538
  6129
  1819
  2033
  3993
  2830
  2799
  4373
  5870
  3886
  2806
  2224
   552
  3016
  2530
  1851
  4167
  4473
  1857
  2846
  1046
  3774
  3842
  1871
  2826
  3987
  5534
  5927
  2129
   559
  2837
  5442
  5577
  4751
  2617
  2537
  2753
  4334
   965
  2852
  4886
  5867
  3155
  2100
  1198
  5515
  3658
   744
  3274
   568
  1291
  3753
   572
  5571
  1566
   577
  1902
  4339
  5936
  4121
   312
  2074
  4331
  2889
  4830
    63
  4792
  3731
  4258
   776
  1269
  2385
   957
  2865
  2867
  5747
   746
   581
  3911
  5997
  3396
  3284
  1381
  1277
   851
  3131
  1743
  2803
  5491
  3557
  5093
   140
  4074
  2342
  4108
  1944
  2577
  5840
   809
  4663
   606
  4553
  1771
  3283
   500
  2891
  2340
  1993
    66
  2593
  4863
  4153
  1732
  2956
  1704
   596
   198
  1969
  4723
   914
  2269
  3674
  5408
  4397
  1977
  3293
  5516
  5409
  2977
  3850
    67
  6039
  3656
  4985
   690
  2233
  1043
  4620
  4775
  3474
  2103
   872
  6061
   609
  5844
  1581
  2003
  6056
  4911
   998
  1185
   160
  1070
  2364
  1129
  2666
  1932
  3020
  6004
   283
   304
  3910
  2025
  3773
  4151
  2124
  5464
  4290
   564
  2348
  2034
  5043
  2714
  4263
   880
  1157
  3053
  4293
    69
  5800
  5827
  4898
  2737
  1401
  4107
  2728
  3070
  1163
   770
  4352
    70
  4209
   365
  1297
  1926
  3085
   677
   630
  1765
  5096
  2072
  1403
  4573
  3469
  3922
  3577
  2020
  5056
  4552
  3104
   953
  3800
    71
  4704
  6139
   960
  4558
   639
  5712
  5293
  2097
  2271
  3880
  4525
  2101
  1459
  4197
  2107
  4605
  1793
  1014
  2016
  2070
  1028
  4597
  2117
  5020
  3725
  1052
  1255
  5837
  5711
  4606
  3161
   518
    73
   385
  4001
  1915
   436
   654
  4564
  4505
  2138
  3733
  1904
  1257
  1370
  2875
  2603
  1525
   369
  4354
  3091
  5518
   661
  5636
   808
   966
  3465
   327
  3203
  3400
  3216
  1848
  2167
  1785
  4539
   897
  1899
  2474
  4866
  2588
  3231
  3010
    75
  3428
  1521
  1142
   911
  4725
  2437
  1264
  4755
  2802
  4479
   675
   221
  4973
   491
  3959
  3649
  2148
  4518
  1766
  2130
  2204
   688
  1948
  3535
  2149
  2207
  5797
  4117
  2465
  1147
  4521
    78
  5996
  2035
  4407
   687
  4534
  1342
  6141
  3892
  1027
  2229
  4256
  5416
  1207
  1159
  3225
  2814
  3314
  4000
  2239
  5394
  5921
   430
  3249
  2091
  5990
  3327
  5864
  1310
  1016
  3335
  5610
    79
   338
  4633
   877
  1866
  5083
  1215
  3353
   704
    80
  1582
  4801
  6151
   432
   702
  4109
  3686
  1961
  4140
  3503
  5959
  3372
  5362
   526
  1101
  4120
  4088
  1178
  5348
  5353
  2396
  2608
  2293
  2399
  4227
  1456
  5903
  4872
   859
  4857
    82
  3106
  4356
  2162
  3404
  5865
   717
  4470
  1181
  6154
  3896
  2313
  2658
  5868
  1535
  2516
  3423
  5986
  3281
  3429
    83
  5072
  6055
  3337
  2545
   486
   907
  3324
  3003
   878
  2339
  6000
  1999
  4848
  5494
  1098
  2549
  2163
  4483
  5562
  5855
  3450
  6017
  2418
  1364
  3455
  3119
  1554
   163
   576
  5626
   738
  5750
  2166
  2365
  2544
  5649
  2251
  5003
   975
  2223
  3476
  1672
  2704
  1045
  1340
  5170
   245
   475
  5846
  3560
  2276
  2179
  5890
    88
  2283
  4853
   682
  3076
  2144
  4885
  5127
  4743
   755
   557
  1136
  2403
   848
  2807
  4640
  5509
  3521
  1939
   759
  4815
  1946
  2416
  3834
  1853
  4847
  3316
  1910
  4717
  2946
  2656
  3457
  3609
  2053
  5178
  2430
  3936
  5142
   767
  5250
  4148
  3373
  1568
  6094
    90
   488
  5851
   842
  5105
  2445
  1678
  3787
  3567
  4659
   522
  5023
  4681
  1543
  3580
   141
  2296
  4112
  4302
  4501
  2670
   217
   341
    91
  2294
  5937
   349
  4076
  1794
   135
  3593
  4063
  4507
  5367
    92
  5306
  4284
   676
  3002
  3536
   711
  5764
  5923
  2491
  2999
  1017
  4366
  4936
  1661
  5517
  3338
   306
  5166
  2022
  3629
  4638
   794
  4344
  4559
  1642
  1009
  5984
  4778
  2088
  3392
   215
  2541
  1341
  5935
   429
  2689
  4823
  1863
  1079
  3662
   615
   952
   803
  5565
  2587
  1348
  2741
  2330
  6153
  3179
  4274
  3334
  3992
  6044
  3681
  2454
  2551
  5447
  4825
  3878
  4768
  2725
  1073
  5692
  4141
  4916
  3698
   635
    95
  5263
   300
  3074
   814
  4583
  2238
  5538
  2850
   827
  1498
   685
  5457
  3714
  2260
  1847
  4241
  1805
  1911
  3724
  2064
  3781
  3182
  3730
  3410
    96
  4363
  3672
  2325
    97
  1279
  5107
  4598
  3738
  6100
   828
  6111
  1950
  2104
  2059
   779
  3664
  2352
  3755
  4395
   832
  5981
  4192
  3193
  2616
  2650
  4942
  5594
  4215
  1245
   853
  2963
   786
   472
  1338
   695
  5478
  2879
  2629
  2056
  4763
    99
  1076
  1075
  5008
  2386
  2712
  6075
   620
  4185
   391
  3680
  3275
  3361
  1614
  3814
   387
  5276
  1832
  5203
  5806
  1998
  4972
   164
  5450
   271
  5354
  1044
  2966
  1717
   854
  3805
  2931
  5842
  2676
  2310
  4556
  5596
  4933
  3310
  1508
  3852
   587
   860
  2488
  2686
  1645
  4699
   902
  2161
  3376
   578
  3866
  3763
  4128
  3872
  1684
   487
  3401
  1479
  1452
  2153
  5586
  5780
  3586
  2484
  5484
   104
  5143
  3041
   546
  2628
  4381
  2688
  3691
  4248
  2273
  5425
   771
  4664
  6021
   471
  3018
  2665
  4303
   106
  2090
  2729
  3928
  5016
  3915
  4782
   883
  4816
  1984
   788
  2536
  2868
  3786
  3207
  3927
   129
   887
  1720
  6089
  2754
  5579
  5659
  2187
  1804
  2528
  1507
  1972
  2955
  2941
   607
  1591
  3948
  2585
   893
  5812
  4992
  2772
  3180
   933
  1489
  4520
  1663
  1936
  5171
   468
  3711
  1821
  4083
  2859
  2272
  4485
   108
  3191
  5947
  2790
  5360
  4787
  4482
  3543
  3982
  1656
   823
  3721
  1588
  3990
  3867
  3258
  2311
  5832
  3042
   910
  1569
  2815
   992
  1496
  1339
  2209
  3548
  2823
  4299
  4178
  2613
  4486
  2699
  5779
  3158
   777
  2440
  4019
   926
   922
  3715
  2839
  1987
  2048
  3524
  2844
  2191
  5459
  1411
  1809
  2336
  1505
  1100
  1378
  3175
  5559
   131
   959
  3100
   662
   499
  5285
  1187
  4051
  4922
   934
  1967
  1619
   705
  4230
  3859
  4615
  2870
  5495
  5843
  4535
  4287
  2877
  3439
  4641
  6117
   949
  5902
  2990
  6125
  5882
  4304
  3636
  5995
  2606
  5833
   114
  5631
  4669
  2897
  2234
  5511
  5920
  1991
  2805
  5811
  5901
  2904
  4125
  5204
   193
  5051
  2381
   534
   958
  3623
  5434
  5881
  1171
  4235
  4100
  1497
  5342
  4405
   456
  1955
  4387
   118
  3766
  2794
  3947
  2127
  4430
  2169
   119
  3924
  2935
  2949
   277
  3501
  4443
  1360
  4472
  1399
  3333
  4132
  6131
   120
   356
  5514
  2015
  1193
  4930
  1031
  1613
  1545
  1087
  3841
  5441
  4873
  1953
   979
  2554
  3958
   765
  3581
  1701
  2872
  4871
  5122
  3870
  2172
  4396
  5892
  4313
  3388
   122
  3315
  3196
  4173
  2203
   989
  4370
  5839
  1397
  2111
  4647
  4098
  1130
  4540
  2651
  5005
  4093
  4502
   935
  4724
   999
  3628
  3470
  2160
  5781
   410
  1319
   403
  3154
   750
  5751
  5650
  4203
  3112
  3014
  1057
  3599
  1940
  5403
  4469
  3888
  4584
   400
   151
  4179
  5523
  1011
   610
  3523
  3029
  4764
  1506
  5397
  2490
  3035
  2947
   732
  3751
  4544
  3126
  4161
  4232
  1735
  1886
  4043
   125
  3123
  3047
  4294
  3307
  1963
  1815
  5131
  6038
  2811
  4991
  4251
  1713
  4766
  3063
  5757
  3690
  4954
  1139
  2640
   195
  3425
  4568
  4269
  2998
  4439
  1597
  2390
   908
  1451
  2866
  1781
  2140
  3082
  4949
  5672
  5383
  5771
  5209
   212
  4291
  1035
  4929
  4389
  5679
  4257
  3096
  2820
  2765
  2428
  4330
  3717
  1973
  4411
  1957
  4950
  6025
  3648
  5891
  2730
  5477
  3115
  5943
  2997
  1437
  2055
  1049
  5803
  1965
  2625
  1478
  4877
  4875
  2131
  3184
  3242
  3685
  2317
  3304
  4328
  2863
  3138
  5819
  4096
  3159
  4183
  5184
  4340
  3575
  2847
  3789
  3996
  3153
  5971
  2761
  4489
   582
   884
  5963
   132
  2105
   645
  3748
  5480
  2907
  3493
  1069
  2297
  4733
  3174
  5082
  3097
  5413
  3900
  1072
  5421
  2021
  2896
  5256
   170
  4639
  4495
  5849
  1104
  3177
   634
  3780
  2974
  2638
  5028
  1307
   134
  5625
  4689
  5185
  4136
  2526
  3127
  5063
  2095
  5315
  1120
   233
  3478
  5317
  4947
  2394
  5527
  2041
  4273
  2684
  2407
  2188
  2327
  5905
   196
  6058
  2560
  4060
  5884
   136
  3419
  5714
   990
  3375
  5932
  1097
  5533
  3446
  3243
  6108
  1799
  2558
  3212
  4924
  5369
   137
  5215
   769
  1103
  5295
  3257
   802
  5445
  6112
  1482
  2489
  3192
  4041
  1311
  3267
  3268
  5756
  4800
  5169
  2882
  6030
  6015
  2063
  1740
  1696
   360
  5310
  5401
  6043
  4481
  3624
  3290
  5064
  2374
  1151
  3513
  1040
  5592
  5140
   921
  2781
  4551
   753
  1473
  4342
  2061
  3309
  5275
  2572
  5928
  4353
  4687
  5710
  3943
  4462
  5817
  2540
  2574
  4829
  5361
   359
  5329
  5911
  1042
  1567
   673
  4512
  2082
   142
  1725
  3553
  3255
  1165
  5265
  3087
  5682
  3346
  4649
  5823
  2682
  2533
  1750
  2770
  5183
  4536
  4698
   143
  3358
  3130
  3547
  2860
  6142
  4541
  5384
  3365
   909
  3197
  2783
  2432
  4908
  1778
  1504
  4090
   316
  1155
  5707
  4596
  3380
  5236
  3825
  2555
  1225
  2500
  3389
  5853
  5581
  1107
   145
  4636
  4652
  2856
  1943
  2854
  2521
  3019
  4311
  6042
   336
  5304
   147
   617
  3140
  2379
  1108
  5789
  4415
  2007
  1172
  5915
   916
   547
  4986
  1870
  5376
  3417
  6138
  2832
  4374
  1143
  3815
  2485
  5647
  4861
   149
  4275
  5111
  3009
  1931
  1184
  4610
   287
  4578
  5841
  1227
   243
  3336
  3383
  5125
  4180
  4668
  1472
  2154
  4421
  1683
  1460
  5081
  4322
  4914
   891
  1865
  2742
  1395
  2369
   810
   152
  2335
  5179
   230
   721
  2240
  2697
  1203
  5885
  3545
  4252
  1196
  1412
  4569
  3467
   569
   858
  5664
   496
  1722
  6115
  2750
  4688
  4646
  2918
  3228
   963
   154
  3671
  3702
  2636
  3693
  5508
  3734
   156
  3518
  5229
  4921
  5296
  5088
   157
  3157
  4989
  3502
  4587
  4409
  6109
  1229
  1246
  3507
  4806
  2595
  5155
  5880
  2911
  4480
  5172
  3517
   289
  1573
  4642
  2402
  2455
  4919
  5791
  1239
  6104
  3195
  3530
  4468
  5227
  1908
  2217
  4319
  5637
  2062
  4451
  2798
  4703
  5674
  3117
  2470
   588
  5613
  1029
  5214
  3552
  5158
  1551
  1425
  2331
  5458
  4565
  4377
  5391
  3137
  3451
  4199
  4015
  1636
   482
  3962
   643
   655
  4254
  3584
   742
  3573
  5106
  4962
  2643
  4004
  1420
  4577
  5068
  4549
   241
  1648
  3485
  3121
   550
  6068
  4575
   343
  1657
  2995
  5977
  1385
  3320
  3364
  3776
  2677
  2822
  3759
  5475
  4757
  2840
  3607
  2118
  6133
  5746
  5270
  3202
  4769
  1282
   416
  3270
  2093
   298
   649
  2341
  4680
  5602
  5861
  4810
  4779
  3961
  1808
  1222
   166
  2693
  3817
  5053
  4788
  3951
  1293
  3036
  3639
  5164
  4094
  1813
  5062
  5938
  1180
  3209
  1048
  4685
   993
   279
  4838
  1990
  5279
  5398
  3657
  3437
  5108
  6147
  5237
  4561
  4059
  5786
  3124
  5639
   168
  5653
  2899
  2633
  2495
  3296
  4188
  2987
  5193
  1775
  3890
  4457
  3064
  3590
  5426
  4279
  5223
  3903
  5949
   169
  4628
  3421
  2994
  5288
   571
  1817
   714
   720
  2755
  4784
  5017
  4856
   368
  1322
  4007
  1428
  1759
  1061
  2001
   309
  2439
  3710
  3080
  1145
  2221
  3004
  4728
  3273
   970
  5716
  3394
  3199
   171
  2568
  5000
  4530
  3630
   984
  4064
  2185
   172
  5318
  1731
  5730
   178
  3156
  3736
  3190
  5948
  1540
  3083
  1223
  4752
  2769
   399
  1347
  3329
  4927
  3747
   447
  1916
  5704
  3208
  1290
  4860
  5435
   796
  1363
  4905
  3093
  1354
  4484
  2787
  5271
  2924
  4081
  1102
  1254
  3772
   335
  3881
  1243
  4160
  5601
  4868
  3408
  1252
  3873
  4393
  4634
  2447
   175
  1426
  2126
  3933
  3031
  1958
  2086
  4461
   176
  5633
  1318
  3566
  3796
  4951
  2173
  3554
  2774
  3905
  2876
  1133
  2467
  5774
  3173
  3615
  4077
  5341
  3812
  5545
  1440
   476
  4987
  4310
  4961
   591
  5759
  5677
  3920
  1382
  5825
  1681
  1099
  5912
  2507
  1630
  1628
  4880
   296
  1892
  1580
  2483
  1457
  1997
  2652
  5739
  4312
  2451
  5027
  3845
   345
  4114
  1700
  1788
  3239
  4305
  4364
  5018
  4882
  3619
  2255
   180
  5039
  3028
  2380
  4533
  4937
   813
  2849
  2653
  4611
  2263
  6027
  4999
  1226
   182
  5542
  6097
  5686
  1400
  2722
  2287
  3189
  5635
  3771
  5007
   183
   867
  1475
  2598
  5432
  5012
  3424
  1772
  1240
  2164
  5114
  4617
  1324
  4018
  3539
  5177
  1982
  3975
  5097
  3571
  5021
   322
   185
  2973
   505
  1081
  4198
   214
  4828
   186
   203
   852
  4268
  2986
  3302
  1790
  1744
  5778
  1814
  5038
  3833
  1430
  4651
  3054
  1205
  1979
  3443
   826
  3950
  2758
   467
   669
  2534
  3926
  2687
  1394
  5982
  3836
  3150
  2089
  2567
  1445
  3973
  5216
  5985
  4428
  2575
  2323
   381
  1122
  4222
  1995
  4772
   646
  1787
  5609
  5061
  5828
   188
  4679
  1299
  1918
  3142
  5230
  2037
  1455
  4618
  4722
  4288
  2748
   189
  1833
  3967
  5507
  2367
  2535
  2013
   190
  1665
  3981
  2241
  6079
  5396
  3716
  2155
  5500
  2189
  4589
  2245
  5834
   781
  1513
   191
  3661
  5788
  1501
  4388
  4623
  3403
  5102
  3898
  1468
  1611
  2397
  1465
  1599
  4701
  3709
  5389
  1970
  4870
  2002
  4881
  4471
  5632
  3797
  4011
   541
   971
  4259
  5405
  2387
  5922
  5150
  3946
  5940
  5964
  4028
  5094
  1467
  4826
  4024
   917
  4966
  4133
  3894
  1510
   892
  2258
   900
  5135
  2828
  3094
  2835
  4498
  5141
  4009
  5356
  6023
  3311
  4890
  2114
  6121
   741
  3224
  1796
  4056
  5744
  5091
  5555
  1509
  3705
  3221
  2165
  2425
  5693
  1469
  4068
  5618
   652
  1537
  1976
  4835
  3461
  2506
   232
  2361
  3125
  1900
   199
  3739
  3366
  3194
  1703
  4079
  4695
   484
   833
   973
  3198
  3251
  3762
  4753
  1532
  4221
  4913
   551
  4446
  2881
  5736
  3683
  5136
  1538
  5673
  3823
  5595
  4210
   434
  5181
  5224
  1325
  1935
  3435
  4637
   204
  6047
  2212
  4329
  2475
   205
  5182
   760
  4116
  2205
  2458
  4827
  3278
  4026
  6062
   206
   565
   579
  2106
  1211
  4616
   317
  3860
  5180
  1470
  3407
  5208
  1116
   207
  1112
  5118
  5213
  4089
  1564
   869
  5845
  4142
  5266
  1060
  4796
   563
  5550
  1317
  2134
  5241
  5614
   361
  5993
   972
   538
  1575
   899
  3264
  2764
  3169
  2958
  5103
   367
   209
  1845
  3645
  1323
  4012
  4738
  4078
  1586
  2791
  3162
  3745
  4211
  2371
  1590
  3653
  3271
  4182
  3820
  4139
  1836
   768
  4995
  5676
  2642
  6074
  3883
   532
  3055
  1782
  4156
  1929
  4225
  1856
  1883
  2582
  2254
  2464
  5752
  4200
  5087
  5115
  5588
  1846
  1526
  3071
  3929
  2375
   213
  2801
  2564
   438
  5355
  1903
  4944
  2411
  2782
  2983
  2959
  3778
  5453
  5888
  4219
  1253
  5406
  5956
  5916
  5974
  1861
  1135
  3719
  1897
  3340
  4066
  5929
  6155
  1827
  3464
  5290
  4660
   216
  2824
  4938
   697
   275
  2703
  6145
  2084
  4002
  3328
   706
  1494
   716
  4836
   875
  3508
  5308
   531
  1638
  2177
  3659
   811
  3985
  3830
  3591
  6028
  4789
  3415
  5322
  3682
  5335
  4458
  6136
   219
  5547
  1344
  4982
  1962
  2513
  4272
  5167
  1764
  4283
  5364
  4171
  5387
  4770
  3635
  3829
  5334
  4365
  2646
  5438
  3675
  4417
  1414
  4682
  4036
  4602
  1694
  3280
  4336
  5950
  3065
  2527
  5656
  5274
  5109
  4260
  3498
   250
  1671
   460
  2928
  6099
  3906
  5057
  5991
  4571
  2031
  2023
  4318
  4671
  6012
   708
  1803
  6092
  1125
  5036
  1065
  4072
  2649
  5326
   942
  6008
  5372
  2744
   224
  2735
  2610
   613
  1118
  2476
  5506
  2073
  1938
  4915
  1670
   226
  4145
  3707
  1695
  4476
  5085
  3379
   667
  4351
  2395
  5174
  2915
  1879
  2976
  4900
  5388
  5826
  3764
  3837
  3391
  3220
  1609
   303
  3633
  6002
  1705
  4981
  3874
  4372
  4442
  3491
  5033
   511
  2900
  3017
  2971
  5200
  4702
  4032
  4106
  3459
  3056
  5148
  5110
  5787
  3422
  4840
  2010
  5755
   229
  3386
  2639
  4626
  1110
  6006
  5282
  1723
  5858
   962
  1386
  4798
  5071
  6070
  5430
   357
   739
  4497
  4017
  3431
  3827
  3178
  5564
  3544
  1667
   231
  3299
   418
  2733
  3918
  3081
  5734
   480
  3921
  2043
  4546
  3769
  4532
  1770
  3098
  4515
  4643
   525
  4054
  1622
   450
  5572
  3432
  1895
  1745
  1256
  5161
  4440
  2288
  2253
  2401
  4445
  3015
  3726
  3321
  3323
  3045
  3742
   235
  2318
  2417
  3939
   648
   713
  5060
  3374
  3849
  4967
  2752
  3103
  3494
   969
  6031
  1483
  5011
   991
  6144
  2708
  5708
  2193
  5824
  5240
  6103
  4781
   735
  4622
  3144
  2836
  5476
   905
  4477
  3342
  3893
  1867
  4423
  3627
  2391
  2444
  4379
  4218
  4013
  2279
  3105
   593
  2275
  2085
  1561
  1769
  5908
  4213
  3132
  2596
  2345
  6102
  4062
  3347
  3206
  2795
  1230
  5134
  3687
   380
  3149
  4654
  4027
  3855
  4202
  1212
  4147
  2532
   270
  4696
  2634
  3109
  5100
  1828
   331
  5729
  5251
  2789
  3289
  1980
  5967
  2261
  5273
  5737
  1844
  3595
  4648
  1951
  5532
  4346
  4206
  4631
  4957
  5549
  4804
  2784
  5323
   674
  5856
  3782
  4655
  3332
  5278
  6032
   996
  2329
  6122
  2175
  6053
  1064
  4402
  3564
   247
  2216
  4666
  4883
  5030
  2698
  4212
   754
  3058
  3447
  3381
  1920
  5869
   453
  5975
  3263
  5742
  2136
  5621
  2174
  3995
  5973
  5684
  5651
  2570
   995
   407
   315
  1007
  1358
  4601
   672
  2621
  4852
  4773
  5520
  1855
  3974
  5090
  5460
  1436
   252
  2152
  1869
  2290
  3546
  1635
  1094
  4065
  2671
  3023
   285
   863
  3666
  5558
  5496
  4854
  5561
  4184
  4612
  2702
  1034
  2228
  4201
  1423
  4580
  3980
  1002
  4832
  4238
  3937
  5909
  2936
  1170
  5979
   255
  4625
  1512
   783
  1095
  5897
   256
   394
  1233
  6090
  4783
   257
  2227
  4795
  2989
  6022
  4499
  6024
  1896
  3793
  1823
  3038
  4095
  5705
  1898
  3801
  4326
  3477
  3185
   259
  5848
  2308
  2878
  5700
  1812
  5760
  5634
  1850
  4661
  1419
  4758
  2463
  3011
  5591
  5301
  3729
  1571
  2993
  5556
  5015
  4478
  1078
  5439
  2081
  2589
  3232
  2235
  4335
  4186
  1402
  1248
  2112
  5037
  4712
  4144
  4939
   267
  3072
  3558
   847
  3579
  1749
  4333
  1524
  1345
  5470
  4126
  2916
  2320
  2874
  4744
  1376
  4697
  3792
  3370
  4030
  5473
  5024
  6130
  4762
  5617
   295
   269
  2004
  3233
  2612
  3438
  3605
  2578
  5622
  4960
  6064
  2940
  2929
  1366
  3351
  6077
  5234
  4593
  1752
  4426
  6059
  1711
  1676
  2098
   601
  4306
  2580
  5587
  2727
  2199
  3488
  5551
   313
  2597
  3227
  6001
  1616
   431
  2696
  2808
  4181
   274
  2921
  4791
  5944
  1556
  6050
  5961
  5605
   529
  5554
   664
  5501
  2869
  2123
  1552
  4845
  5661
  5128
   870
  5638
  2237
  4765
   855
  4747
   727
  4149
  4912
  5875
  3871
  3287
  3367
  1623
  2539
  4653
  4645
  4807
  2623
   280
  5247
  5245
  2019
  1643
  4786
  3663
  5210
  3561
  4475
  1654
  4824
  5831
  3462
  4809
  4347
  5957
  3078
  3060
  6146
  1528
  2982
  2032
  3318
  1724
  3559
  5896
  4813
  3244
  3504
  3151
  5702
  2809
  6091
  3966
  2637
  1729
  3303
  2796
  5350
  3527
  3749
  1680
  5722
  4021
  3095
  4864
  4463
  2611
   497
  2766
  5768
  5652
   286
  1033
  5699
  3006
  1321
  4189
  5695
  4236
  4678
  2214
  5731
  2058
   945
  4285
  4844
   928
  5765
  2723
  5738
  4849
  4406
  5452
  3677
  3111
  5084
  1250
  5537
  1458
  5563
  4433
  2316
  3107
  5687
  1388
  4952
  2006
  6124
  2861
  5962
  2519
  2895
  4345
  2890
  3286
  1435
  1210
   291
   756
  5930
  3799
  4865
  4887
  2592
  4928
  1996
  5919
  4104
  4833
  2667
  4123
   515
  5267
   629
  1646
  1448
   762
  5363
   402
  4174
  5427
  2569
  1945
  5720
  2443
  6069
  5628
  4851
  2685
  4983
  2115
  4403
  5314
  4243
  5243
  1949
  4119
  4508
  3378
  2887
  2309
  2984
  4164
  1160
  4566
  2419
  5723
  4434
  1541
  3229
  1312
   297
  3454
  5966
  3214
  1800
  2128
  5713
   846
  1708
  2299
  4965
  1333
  2925
  1885
   881
  3756
   730
  1407
  2441
  3240
  2749
  6036
  3487
  5753
  4390
  1328
  2520
  3879
  5769
  4526
  3330
  1651
  3610
  5733
  5041
  3588
  1589
  3758
  4464
  5972
  4729
  3582
  5446
  1066
  1739
  2901
  4797
  4969
  2939
  5415
  5783
  4909
   919
  3597
  3165
  4531
  2413
  4057
  3851
  5519
  3549
  6052
   553
  3757
  4889
  4721
  5904
  3363
   305
  1606
  3000
  1113
  5226
  2178
  2988
  5366
  3118
  1751
  3051
  1954
  5414
  5838
  5190
  2964
  3655
  2075
   641
  5799
  4029
  5365
  5040
  5906
   510
  2030
  5440
   950
  4420
  2202
  5371
  2195
  3614
  2196
  2552
  4968
  2502
   782
  2389
  5630
  4384
   699
  4822
  1393
  2473
  2213
  4740
  2827
  3062
  5168
  2218
  3525
  4608
  1714
  1596
  4990
  5557
   774
  3843
  3632
  1500
   837
  5116
  6149
  1106
  4493
  4438
  3101
  1056
  3057
  2410
  1350
  3869
  5006
  5393
  3325
  2338
   997
  1660
  2042
  3253
  2786
  3021
  1247
  1352
  6078
  4673
  1559
  3728
  5069
  4448
  1320
  3308
  1296
   446
  6060
  2768
  2415
   729
  4416
  3512
  5077
  4131
  3979
  5531
  5218
  1134
  3345
  3440
  5526
  3382
  4169
  3746
  1383
  5767
  2333
  3188
  3090
  1975
  4591
  3305
  3983
  4233
  1231
  2522
   978
  3689
  5643
  3930
  5338
  1008
  2561
  5862
   324
  3679
   930
   967
  3616
  2599
  3697
  1096
  5104
   533
   795
  5238
  5662
  3052
   501
  1774
  2674
  3445
  2027
  1404
  5089
  2720
  5099
  5857
  2710
  2110
  5129
  1488
  6019
  4579
  2648
  5877
  4975
  1576
  3694
   406
  5597
  4665
   980
   329
  5654
  5504
  3913
  4943
   330
  1054
  5252
  3393
  4896
  1471
  5535
  3046
  2337
  4321
  2565
  3133
  2460
  3495
  5347
   946
  3040
  5407
  1022
   334
  2408
  6057
   985
  2482
  5260
  5717
  3765
  4802
  4978
  1199
  2932
  1443
   592
  1362
  2176
  2373
  2125
  2404
  5112
   840
  5822
  3732
  5377
  5883
  1837
  3634
  3907
  3976
  2845
  4686
  4022
  4808
  3362
  1873
  2285
   977
  4401
  1641
  2954
  5188
   948
  1237
  3916
  4522
  5619
  1020
  4683
  4694
  4624
  3977
  1644
  4715
  2980
  4876
  3248
  1032
  2654
  1138
  5863
   816
  2414
  5724
  1424
  3537
  3113
  6116
  5220
  4710
  1884
  2908
  2420
  2356
  2393
  1675
  1515
  1444
  3516
   351
  2892
   801
  2429
  4355
  5233
  1964
  5754
  5253
  3222
  3596
  4159
  2853
  1927
  3934
   408
  3723
  1780
  1893
  1200
  5433
  2991
  3398
  5246
   599
  4563
  2305
  4297
  4932
  5925
  5124
  5336
  2457
  4834
  5257
  2680
  4332
   627
  5395
   358
  3868
  1308
  2052
  5264
  2788
  2675
  3406
  1598
  3578
   651
  3067
  2477
  5978
  1201
  2092
  5272
  2586
   693
  3631
  3434
  2566
   748
  3945
  3641
  3718
  1267
  2108
  5850
  4037
  2668
  5585
  1831
   363
  3902
  4997
  4931
  5691
  4033
  4239
  5221
  3509
  2000
  5942
  5878
  6101
  1919
  3644
  6134
  6037
  1010
   396
  4837
  6076
  4859
  2855
  4562
  5076
  3914
  3790
   604
  2819
  4343
  5952
  4298
  5312
  2133
  3783
  4503
  2280
  5259
  2343
  2945
  1088
  2721
  3068
  3735
  3603
  3828
  2509
  3505
  4205
   437
  5157
  5154
  5728
  6018
  4069
  5560
  5770
  2378
   371
  1688
  2067
  2109
  4705
  2550
  5189
  5332
   722
  4727
   372
  4039
  3430
  4087
  3713
  4217
   725
  6034
  5324
  6040
   373
  2862
  1548
  3532
   549
   923
  4736
  1753
  1736
  2559
  5382
  3594
  5400
  5732
  4657
  3885
   636
  1734
  4391
  5054
  5443
  2843
  5784
   377
  4888
  5900
  4146
  4053
  4984
  4110
  6126
  5026
  1038
  2370
  4223
  2707
  5231
  5951
  2018
  4378
   597
  4249
  5680
  5629
  5701
  3895
  3998
  5689
   383
  1276
  2590
  3570
  1176
  5316
  5067
  5070
  5352
  2614
  4516
  2706
  2660
  5423
  5032
  2817
  6003
  4474
  5146
  3665
  1313
  3970
  4941
  6148
  1693
  4691
  4777
  5976
  3938
  1006
  4195
  3522
  5953
  3292
  5660
  6005
  5424
  1906
  4627
  5202
  4166
  5954
  3703
   904
  5725
  6016
  1880
  6010
  5192
  3917
  5847
  1924
  1175
   390
  3084
  4754
  4228
   392
  5212
  3779
   621
  6049
  5130
  1690
  3673
  1907
  4216
  2961
  5025
  1625
  3692
  5205
   493
   481
  4487
  5444
  2848
  5792
  2631
  4398
  3426
   793
  2909
  2434
  5763
  3033
  4191
  2757
  2950
  3863
  4046
  1080
  1891
  4629
  1275
  2700
  5872
  4523
  4496
   401
  3110
  4320
  2620
  1285
  1082
  3152
  3236
  5196
  5810
  5483
  6011
  3942
  1273
  5092
  5045
   405
  3798
  5198
  4543
  1849
  5859
  3618
  2906
  1786
  1380
  1986
  2514
  4247
  2740
  4292
  4582
   612
  1604
  4895
  4296
  5898
   929
  2382
  1791
  3246
  2438
  5244
  3978
  2492
  1030
  2314
   698
  3808
  5467
  5254
  2206
  4603
  6118
  2779
  1816
   888
  4362
   412
  2933
  5059
  5910
  3402
  1503
  3620
  3024
  2778
  4964
  5378
  3405
  4309
  5014
  5066
  5046
   590
   417
  2481
  4994
  4158
  3901
  2678
  4980
  4196
  5988
  2607
  2017
  4315
   956
  5248
  5291
  1560
  5539
  4118
   865
  2562
  1259
  1602
  3587
  5138
  4812
  5339
  3963
  5327
  3514
  5584
  2462
  3261
  4867
  2934
  4592
  5552
  5052
  5284
  4130
  4726
  4262
  1618
  2967
   427
   512
  1390
  3540
  5239
  3210
  1748
  5325
   562
  3706
  5019
   918
  5211
  3676
  3511
  4080
  2812
  2421
  5137
  2600
  5349
  5521
  3542
  4570
  5197
  4805
  5745
  5796
  3652
  5743
  2518
  4010
  1329
  2885
  5698
  4071
  5261
  2626
  4574
  2605
  1914
   444
  5411
   608
  1173
  4435
  6026
  5448
  1565
   595
  2436
  4491
  5598
  3654
  3136
  3912
   778
  3965
  5187
  5696
  1238
  5807
  4367
  4150
  3604
  3550
  6082
  5139
  5694
  5436
  5199
  4820
  2347
  3187
  6083
  4843
  4350
  1562
  4193
  5611
  6045
  5794
  3433
  5513
   524
  2250
  3322
   455
  2944
  5668
  4085
  2948
  5836
  5098
   944
  1453
  5641
  6152
  4152
  4270
  5034
  4155
  3761
  3120
   458
  1441
  1115
  2398
  4509
  2486
  6119
   462
  4020
  3818
  4718
  3032
  3482
   463
   812
  4595
  5640
  4720
  3862
   668
  3355
  3344
  2480
  2208
   465
  4250
  2040
  2353
  1067
  4424
  3743
  3005
  1280
  3282
  4122
  6106
  5821
  4092
  3128
  3013
  4776
  3449
  3824
  2857
   473
  5186
  4450
  5370
  4467
  5307
  1434
  5580
  2871
  3377
  2044
  5568
  5620
  5670
  3935
   763
  3213
  5671
  6095
  4706
  3022
  3889
  2664
  5681
  3039
  1971
  2427
  1795
  5741
  4143
  3802
  4456
  3626
  2143
  2538
   478
  1270
  2736
  2122
   819
  4693
  3061
  2497
  5914
  5913
  1413
  1762
  5860
  3489
  1529
  5337
  4609
  5968
  1431
  4431
  4348
  4101
  5525
  1337
   898
  5113
  2883
  2841
  1304
  3114
  3897
  3791
  1531
  1154
  3611
  3954
   657
  5994
  1530
  5992
  6123
  5719
  1888
  5346
  3500
  2079
  2057
  2071
  5412
  5645
  3359
  5522
  3668
  3181
   830
  3399
  5612
  4349
  6073
  1858
  2903
   839
  3795
  5575
   920
  1978
  6020
  2354
  5156
  3148
   498
  5814
  5065
  3341
  2673
  5740
  3479
  1542
  4271
  4455
  2257
   637
  2681
  3135
  4134
  5319
  4586
  5735
  4690
   749
   791
  3223
  1003
  3168
  2384
  3172
  1368
  4408
  5758
  2266
  2278
  5761
  5894
  2858
  5050
  2412
  5502
  1408
  4187
  2579
  2362
  5469
   506
  4281
   507
  1093
  3201
  5269
  5489
  5320
  5529
  6114
  1533
  5381
  5029
  3531
  2211
  5644
  5946
  5303
  5969
   535
  3204
  3030
  5926
  2731
   653
  4276
  2186
  1777
  1639
  3241
  3319
  3740
  5895
  3646
  4979
  5528
   871
  4956
  2751
  5721
  3218
  4953
  2232
  3865
   838
  4925
  2377
  2132
  1418
  2645
  4572
  3108
  5298
  3999
  4819
  5022
  2304
  4300
  4049
  3288
  2449
  1409
  6067
  5283
  2083
  3810
  4231
   633
  4067
  4317
  4385
  5201
  4135
  5820
  2800
  1288
  1966
  5207
   976
  4996
  5955
  4771
  3858
  2150
   844
   694
  5715
  4897
  2014
  4970
  1894
  2248
  2286
  4902
  1015
  5331
  5160
  3411
  4338
  2498
  1593
  3688
  2985
   543
  2321
  3272
   895
  2503
  3034
  3001
  4600
  3385
   718
  4817
  5357
  3387
  5683
  2738
  2289
  6066
  3413
  5428
  4459
  4976
  1427
   829
  2281
  5945
   555
  6071
  4998
  3984
  2456
  5010
  4460
  3968
  1262
  3785
   665
  5481
  5242
  6135
  3254
  3601
  3086
  6065
  5570
  4711
  1484
  5510
  5313
  1000
  2501
  3650
  5175
  6110
  5123
  3608
  5582
  5368
  3600
  3092
  4170
  5889
  5567
  2244
  2366
  2461
  4289
  5321
  1627
  2615
  3994
  5328
  3496
  5599
  5289
  6007
  5297
  5456
   849
  4277
  5399
  1217
  5235
  5805
  1351
  3528
  5583
  1274
  2775
  5798
  3971
  1829
  5886
  1981
  5600
  1466
  4207
  4337
  5292
  3583
   792
  4138
  4234
  5939
  1757
  5590
  5073
  5748
   684
  5924
  5804
  5217
  4038
  4488
   600
  1346
  4959
  6054
  4102
  2745
  5373
  1492
  4906
  4977
  3741
  4910
  5390
  3075
   805
  4894
  1422
  5675
  1068
  5589
  6096
  3294
   614
  4327
  4360
  1730
  1994
  5782
  4545
  1620
  3637
  5801
  1875
  3777
  2406
  1292
  4413
  3044
  5678
  2431
  5648
   618
  2604
   709
  6084
  3134
  5876
  2360
  4371
  1610
  2284
  1392
  4846
  6014
  5153
   797
  4676
  5772
  5917
  2054
  2270
  2785
  5258
  4383
  3887
   626
  3269
  3568
  4399
  4604
  5541
  3471
  4261
  4903
  1169
  5573
  2478
  2930
  5463
  1840
  2026
  5718
  5126
  5191
  2771
  5461
  4692
  1041
  3049
  4940
  2504
  5762
  2581
  2392
  3816
  5606
  4394
  3412
  1629
  4175
  3684
  6150
  1429
  2957
  4590
  2922
  1746
  3458
  3183
  3475
  3612
  3506
  4425
  2116
  4437
  5374
  4035
  5809
   650
  3145
  5219
  2622
  4282
  5503
  3794
  3356
  3877
   874
  5228
   939
  6105
  5773
  1228
  2547
  2937
   773
  5268
  5048
  4560
   659
  6113
  6128
  6087
  1206
  1502
  1649
  4237
  5343
  4550
  2557
  4204
  5119
  2912
  5345
  4226
   671
  5380
  4588
  1359
  5546
  4674
  5294
  4901
  1558
  1728
  3343
  1026
  4454
   937
  2525
  1698
  2719
  5392
  4124
  2546
  4839
  6051
  2050
  1655
  4324
   691
  5429
  4878
  3555
  3163
  2683
  2190
  2028
  4547
   757
  2864
  5490
  6156
  1615
  5286
  5530
  4793
   733
  6029
   931
  4527
  4988
   703
  1631
  4441
  4700
  3986
  2979
  5144
   885
  3884
  5302
  5553
  5498
  3809
  5004
  3026
  2792
  6088
  4926
  4862
  4025
  5474
  3473
   825
  3592
  4869
  5074
  6013
  1487
  3526
  1389
  2141
  3164
  6140
  1653
  3260
  5709
  4418
  4650
  1202
  2142
   736
  3638
  1221
  4082
  3456
  4524
  5075
  4168
  4963
  3116
  6046
  2045
  4452
  5603
  6143
  6081
   758
  3348
  4436
  3606
  4708
  2087
  4506
  5299
  4266
  5499
  1374
  5002
  1872
  3357
  1303
  5593
  5431
  3640
  6098
  5163
  2358
  5663
  3572
  4376
  2096
   987
  3265
  1933
  4414
  2262
  3737
  3770
  5013
  5486
  4759
  5404
  1882
  3352
  1204
  5666
  2292
  4907
  5544
  1860
  3541
  2734
  2146
  4172
  4466
  1922
  1547
  3826
  1373
  5802
  2230
  3613
  5465
  4614
  2716
  2388
  4635
  4785
  4176
  3069
  3205
  1842
   799
  2322
  2833
  2739
  2747
  1493
  2471
  1721
  2563
  2601
  5309
  6086
  4115
  5980
  2523
  5482
  2996
  3008
  1878
  5543
  4465
  3964
  1036
  5871
  3416
  1416
  2246
  3371
  1140
  4432
  5149
  5422
  4731
  4369
  5658
  1316
  5934
  5960
  3266
  4325
  5669
  2655
  4075
  3166
  1716
  5569
  5642
  5479
  1332
  1864
  3453
  4899
  3955
  4732
  5815
  4005
  5079
  2942
  4023
  1153
  5492
  4774
  5578
  5566
  2113
  4453
  4923
  3170
  4253
   879
  2838
  1463
  3171
  4644
  5159
  5524
  1572
  2834
  5145
  1634
  5358
  2548
  2442
  1830
  1637
  1760
  5420
  6137
  4301
  5616
  4567
  4670
  3768
  2024
  1617
  2505
  2349
  5044
  4713
  3622
  1626
  6009
  5983
  5931
  4735
  3952
  5854
  5852
  5607
  5280
  2975
  1930
  2920
  3589
  1685
  6093
  2777
  4055
  6085
  2156
  3997
  5195
  3989
  5667
  3804
  3368
  3059
  2880
  1699
  3369
  1208
  2690
  4946
  1059
  3625
  4858
  3520
  3807
  4811
  3585
  4047
  4842
  5776
  5999
  4749
  4127
  2243
  4780
  1300
  2200
  4734
  4314
  3784
  5379
  2718
  5133
  4154
  4548
  1361
  4920
  1314
  5918
  5655
  3806
  2469
  6035
  5627
  4537
  6132
  2842
  1822
  2047
  2898
  5816
  1188
  4163
  1224
  5035
  6080
  4245
  5766
  3562
  4044
  3788
  1461
  4821
  5305
  4070
  4444
  4756
  5941
  4662
  2291

