 2     2   275   275
   191
   182
     3
    81
    55
    60
     7
    66
   272
   177
   192
   163
    13
   242
   133
   107
    17
   267
   108
   218
   198
   185
   211
    82
   204
   195
   132
   253
   207
    59
   179
   154
   264
   152
    92
   189
   217
   197
    85
   156
    41
   184
   102
    50
   216
    99
   181
    48
   199
    44
   111
    52
   158
   236
     5
   210
    57
   103
    30
     6
   263
    62
   119
   138
   127
     8
   105
   137
    69
   125
   144
   219
   261
    74
   175
    76
   269
   237
   268
    80
     4
    24
   232
   256
    39
   104
    95
    88
   234
   233
   140
    35
    93
   149
    87
    96
   173
   160
    46
   112
   123
    43
    58
    86
    67
   221
    16
    19
   131
   176
    51
   100
   262
   257
   201
   116
   260
   238
    63
   275
   214
   225
   101
   246
    70
   170
    65
   128
   141
   130
   109
    27
    15
   196
   167
   136
    68
    64
   139
    91
   129
   235
   224
    71
   205
   249
   147
   226
    94
   243
   151
    34
   193
    32
   228
    40
   157
    53
   159
    98
   231
   162
    12
   215
   180
   166
   135
   222
   270
   126
   241
   259
    97
   212
    75
   110
    10
   188
    31
   165
    47
     2
   266
    42
    22
   203
   187
   178
    36
   250
     1
    11
   153
   194
    26
   134
    38
    21
    49
   200
   115
   247
   186
    25
   145
   206
    29
   255
   251
    56
    23
   174
   252
   121
   164
    45
    37
    20
    72
   220
   106
   168
   271
   143
   122
   148
   274
   155
   229
   240
   161
    83
    90
    89
   142
    54
    78
   118
   254
   230
   171
    14
   150
   244
   258
   124
   202
   248
   146
   190
   209
   213
    28
   239
   208
    84
   114
   245
   172
   117
    73
   113
    61
    33
   273
   183
    18
    79
    77
   169
   223
     9
   265
   227
   120

