 2     2   275   275
    24
    28
    67
   168
   118
   274
    98
   209
   266
   271
   247
    13
    71
     7
   218
   170
   100
    26
   223
   128
   264
   116
   179
   204
    40
   198
    64
   272
    56
   132
   255
   148
    61
   241
    89
   239
    54
    20
   126
   177
    35
   248
   139
   172
   234
   214
   140
    55
   134
   213
    22
   107
   101
    99
   113
   135
   221
    57
   252
    84
   163
    47
    94
   162
   171
   192
   142
   195
   167
   145
    10
   152
    14
   206
    73
    91
    17
     2
   245
   203
    63
   205
    38
   188
   191
   215
   115
    52
    82
   227
   180
   155
   169
   173
   181
   265
   250
    75
   249
     4
    51
   207
   156
    70
   267
   273
   262
   256
    97
    66
   117
    76
   220
    49
   158
    53
   105
    19
    44
   144
   269
   127
   141
   185
   119
   189
   102
   159
    58
    50
   225
    42
   164
    32
    68
   230
    79
   121
   193
   268
   259
    31
   106
    96
     9
    30
   184
   114
   143
   103
   150
   197
   125
   186
     1
   160
   147
   178
    83
   151
   120
    21
    90
   196
    78
    59
   190
    77
   110
   182
    16
   153
   210
    62
   200
    37
    85
   240
   244
   238
    34
    65
    36
   108
    18
   219
   251
   208
   136
    46
    25
    93
     8
   236
    29
    15
   217
   124
   111
   123
    60
   130
    23
    92
    41
   154
   246
   201
    43
    81
     5
    45
   224
    69
   231
   166
   254
   133
    74
   235
   261
   232
   211
   202
    86
    88
    33
   237
   228
    39
   131
   212
    95
   222
    48
   187
   253
   112
   275
    87
   233
   149
   263
    80
     6
   122
   138
   146
   176
   243
   258
   260
   270
    72
     3
   157
   183
   194
   175
   216
   129
   226
   109
    27
   161
   104
   199
   174
    11
   229
    12
   165
   242
   137
   257

