 1     4    27    27
113102212000210022022202313
113123021000021032022203332
303311321033001111013220010
131002013002001120032011213
032331103333120030203011120
000002321221013230101110221
133020311021032110223220000
200101112002311002322233101
232230033033023210321012201
333010010122100032113121211
001233120102332100231303211
010220322110122102202000101
003232003330201231200021232
023231031203233012212012013
133013112313201212021011200
110201303100021003001231222
030123130020113201322001332
102200202022110113302220003
231313023331331200012211220
033203311230303220113001102
002220220310302103130110112
112323322332133121021030010
320200030110002330023113133
011012023032033123102102221
013212213113231222101031102
233203211001120013212033113
123310010030320303220211002
