 1     4    27    27
230231333312210100210131002
112331122120100021123302132
100211210111012031110000301
022001311123021130300332130
103302310011012130220032332
113110220323123022312133020
223013100231320221203203311
213230100323121331100113101
311113211233100132100312033
320002011320022330010330301
213100101111121012120223233
131012310010022302003333032
300322011011311210203133131
320120123022103132221230333
000322121103210231200230310
111023232312230313031221300
231200330211213121312232110
030003233003032132113033002
133013323102033032313021212
010211030333200223111200130
003212002230330101031130012
321303223300132010110133000
321210221033020221000030030
221210011032201123231232302
132203301033012200010122031
200011322302132023223303123
223030121202022300002210300
