 2 7 1
 3 8 2
 2 6 0
 2 4 3
 2 8 4
 8 8 25
 4 2 6
 4 2 1
 4 2 7
 8 7 11
 2 8 7
 4 2 3
 2 5 25
 3 4 5
 3 3 5
 6 8 6 23
 8 8 12
 3 3 23
 2 11 3
 3 0 23
 2 2 0
 3 5 2
 8 11 22
 9 7 18
 2 25 6
 3 6 18
 3 18 4
 3 5 6
 3 5 8
 2 3 5
 5 2 25 17
 9 7 21
 3 17 12
 3 3 17
 2 1 7
 2 3 1
 3 6 11
 3 1 6
 6 7 11 15
 3 12 7
 5 0 25 16
 3 6 0
 3 12 21
 3 6 12
 3 23 6
 3 15 2
 3 8 22
 3 6 22
 2 1 8
 2 16 5
 3 5 11
 3 11 21
 2 7 25
 2 22 7
 6 5 6 19
 10 4 19
 3 7 19
 3 19 18
 6 11 12 10
 6 8 7 9
 2 10 3
 9 17 13
 3 18 17
 9 22 20
 9 25 26
 9 16 14
 9 23 24
 3 19 23
 0
