 9 9 22
 2 7 0
 2 3 1
 2 2 1
 2 4 0
 4 2 3
 2 7 2
 9 8 25
 3 7 25
 4 2 8
 2 5 25
 3 6 5
 2 9 6
 3 2 25
 3 9 2
 2 3 2
 10 2 25
 9 9 13
 3 1 25
 5 3 4 12
 2 6 3
 3 7 6
 3 8 9
 3 8 22
 9 7 14
 3 8 7
 8 13 26
 2 4 7
 2 5 4
 2 6 5
 9 22 18
 3 14 22
 6 3 6 23
 3 6 13
 3 18 6
 3 23 9
 2 2 9
 2 0 23
 3 4 0
 3 3 4
 2 25 6
 3 4 25
 2 6 4
 2 23 6
 8 13 21
 2 5 13
 9 22 27
 3 12 27
 2 6 27
 2 9 12
 3 0 14
 3 9 0
 3 0 12
 2 25 9
 8 22 17
 3 1 3
 3 5 26
 9 17 19
 3 5 8
 10 1 3
 3 3 13
 3 6 3
 5 21 23 15
 3 13 23
 2 1 26
 2 0 2
 3 14 1
 6 15 14 16
 6 12 13 11
 3 6 8
 3 26 7
 5 6 7 29
 6 9 8 10
 3 12 5
 2 29 21
 3 9 18
 2 21 17
 2 17 22
 2 18 19
 9 26 24
 9 18 20
 9 29 30
 11 5 28
 9 4 5
 0
