 3 7 2
 2 6 5
 3 6 4
 3 6 3
 4 2 2
 5 4 6 12
 3 7 6
 3 8 4
 5 8 9 17
 6 17 5 14
 10 5 14
 3 6 5
 8 7 25
 2 14 7
 3 12 14
 3 3 12
 11 14 27
 11 9 18
 5 6 18 9
 2 27 9
 2 1 9
 2 9 27
 2 0 27
 8 8 19
 3 2 8
 2 0 8
 3 12 8
 2 2 7
 2 9 12
 3 7 4
 6 3 17 24
 2 7 24
 2 12 7
 5 3 6 16
 2 2 6
 2 7 6
 10 6 9
 6 25 2 30
 2 3 2
 2 6 3
 2 8 6
 6 19 16 13
 2 0 13
 2 30 25
 2 3 25
 2 13 5
 3 25 13
 2 13 2
 2 8 16
 11 7 15
 5 0 1 7
 5 0 30 29
 5 24 27 28
 10 1 6
 10 5 17
 6 27 25 26
 6 26 24 23
 5 3 17 20
 5 8 9 10
 5 4 20 21
 5 3 21 22
 6 16 15 14
 6 13 12 11
 10 3 18
 10 4 19
 0
